timestamp,position_lat,position_long,distance,enhanced_altitude,altitude,enhanced_speed,speed,heart_rate,cadence,fractional_cadence,temperature,timestamp_utc,timezone
2014-02-17 17:11:48+11:00,-37.701464435085654,144.56392879597843,0.0,122.79999999999995,3114,0.0,0.0,,,,,2014-02-17 06:11:48,Australia/Melbourne
2014-02-17 17:11:52+11:00,-37.70145630463958,144.56384003162384,0.00792,122.60000000000002,3113,8.4492,8449.2,,,,,2014-02-17 06:11:52,Australia/Melbourne
2014-02-17 17:11:58+11:00,-37.70142428576946,144.56361095421016,0.02844,123.20000000000005,3116,10.9908,10990.800000000001,,,,,2014-02-17 06:11:58,Australia/Melbourne
2014-02-17 17:12:05+11:00,-37.70139763131738,144.5633510313928,0.05155,123.0,3115,12.06,12060.0,,,,,2014-02-17 06:12:05,Australia/Melbourne
2014-02-17 17:12:11+11:00,-37.701398469507694,144.56314106471837,0.07016,123.60000000000002,3118,11.4372,11437.2,,,,,2014-02-17 06:12:11,Australia/Melbourne
2014-02-17 17:12:15+11:00,-37.70142210647464,144.5630127377808,0.08178,123.79999999999995,3119,11.0844,11084.4,,,,,2014-02-17 06:12:15,Australia/Melbourne
2014-02-17 17:12:20+11:00,-37.70144666545093,144.56285557709634,0.09597,123.60000000000002,3118,10.490400000000001,10490.4,,,,,2014-02-17 06:12:20,Australia/Melbourne
2014-02-17 17:12:26+11:00,-37.70142034627497,144.56266405060887,0.11319,123.60000000000002,3118,10.177200000000001,10177.2,,,,,2014-02-17 06:12:26,Australia/Melbourne
2014-02-17 17:12:33+11:00,-37.701390255242586,144.5624558441341,0.13188999999999998,123.20000000000005,3116,10.0548,10054.800000000001,,,,,2014-02-17 06:12:33,Australia/Melbourne
2014-02-17 17:12:39+11:00,-37.70136058330536,144.5622579474002,0.14966,123.20000000000005,3116,10.116,10116.0,,,,,2014-02-17 06:12:39,Australia/Melbourne
2014-02-17 17:12:46+11:00,-37.701305681839585,144.5620250981301,0.1711,124.39999999999998,3122,10.8468,10846.800000000001,,,,,2014-02-17 06:12:46,Australia/Melbourne
2014-02-17 17:12:47+11:00,-37.70129947923124,144.5619893912226,0.17431,124.39999999999998,3122,10.944,10944.0,,,,,2014-02-17 06:12:47,Australia/Melbourne
2014-02-17 17:12:52+11:00,-37.70128623582423,144.5618284586817,0.18861,125.0,3125,10.7136,10713.6,,,,,2014-02-17 06:12:52,Australia/Melbourne
2014-02-17 17:12:56+11:00,-37.70127123221755,144.56169535405934,0.20048,125.39999999999998,3127,10.6236,10623.6,,,,,2014-02-17 06:12:56,Australia/Melbourne
2014-02-17 17:13:01+11:00,-37.70126536488533,144.56153132021427,0.21497,125.60000000000002,3128,10.566,10566.0,,,,,2014-02-17 06:13:01,Australia/Melbourne
2014-02-17 17:13:06+11:00,-37.70125404931605,144.56137793138623,0.22858,125.20000000000005,3126,10.2816,10281.6,,,,,2014-02-17 06:13:06,Australia/Melbourne
2014-02-17 17:13:11+11:00,-37.70123267546296,144.56121481955051,0.24316,125.79999999999995,3129,10.2096,10209.6,,,,,2014-02-17 06:13:11,Australia/Melbourne
2014-02-17 17:13:16+11:00,-37.70121272653341,144.5610543899238,0.2575,125.79999999999995,3129,10.170000000000002,10170.0,,,,,2014-02-17 06:13:16,Australia/Melbourne
2014-02-17 17:13:21+11:00,-37.701202500611544,144.56089412793517,0.27171,126.0,3130,10.3788,10378.800000000001,,,,,2014-02-17 06:13:21,Australia/Melbourne
2014-02-17 17:13:27+11:00,-37.701180120930076,144.56069606356323,0.28931999999999997,126.39999999999998,3132,10.494,10494.0,,,,,2014-02-17 06:13:27,Australia/Melbourne
2014-02-17 17:13:32+11:00,-37.70116679370403,144.56052574329078,0.30442,126.60000000000002,3133,10.656,10656.0,,,,,2014-02-17 06:13:32,Australia/Melbourne
2014-02-17 17:13:37+11:00,-37.70114910788834,144.56036707386374,0.31854000000000005,126.79999999999995,3134,10.504800000000001,10504.800000000001,,,,,2014-02-17 06:13:37,Australia/Melbourne
2014-02-17 17:13:42+11:00,-37.70112622529268,144.56020354293287,0.33318000000000003,127.0,3135,10.4004,10400.4,,,,,2014-02-17 06:13:42,Australia/Melbourne
2014-02-17 17:13:47+11:00,-37.701078029349446,144.56004831008613,0.34789,127.20000000000005,3136,10.4328,10432.800000000001,,,,,2014-02-17 06:13:47,Australia/Melbourne
2014-02-17 17:13:51+11:00,-37.70106009207666,144.55992811359465,0.35883,127.39999999999998,3137,10.3968,10396.800000000001,,,,,2014-02-17 06:13:51,Australia/Melbourne
2014-02-17 17:13:52+11:00,-37.70105757750571,144.55989609472454,0.36164999999999997,127.60000000000002,3138,10.299600000000002,10299.6,,,,,2014-02-17 06:13:52,Australia/Melbourne
2014-02-17 17:13:56+11:00,-37.70102606154978,144.55978084355593,0.37241,127.60000000000002,3138,10.0404,10040.4,,,,,2014-02-17 06:13:56,Australia/Melbourne
2014-02-17 17:13:58+11:00,-37.70102404989302,144.5597271155566,0.37714,126.79999999999995,3134,9.7164,9716.4,,,,,2014-02-17 06:13:58,Australia/Melbourne
2014-02-17 17:14:01+11:00,-37.70101851783693,144.55962653271854,0.38608,126.79999999999995,3134,9.662400000000002,9662.4,,,,,2014-02-17 06:14:01,Australia/Melbourne
2014-02-17 17:14:06+11:00,-37.70098574459553,144.5594800170511,0.39954,127.0,3135,9.604800000000001,9604.800000000001,,,,,2014-02-17 06:14:06,Australia/Melbourne
2014-02-17 17:14:10+11:00,-37.700988594442606,144.55935571342707,0.4107,128.0,3140,9.997200000000001,9997.2,,,,,2014-02-17 06:14:10,Australia/Melbourne
2014-02-17 17:14:11+11:00,-37.70098247565329,144.5593235269189,0.41361000000000003,128.0,3140,10.0584,10058.4,,,,,2014-02-17 06:14:11,Australia/Melbourne
2014-02-17 17:14:17+11:00,-37.70094961859286,144.5591185055673,0.43207999999999996,128.20000000000005,3141,10.5084,10508.4,,,,,2014-02-17 06:14:17,Australia/Melbourne
2014-02-17 17:14:24+11:00,-37.70091542042792,144.5588835608214,0.45314,128.79999999999995,3144,10.972800000000001,10972.800000000001,,,,,2014-02-17 06:14:24,Australia/Melbourne
2014-02-17 17:14:30+11:00,-37.70088926889002,144.55869287252426,0.47025,129.20000000000005,3146,10.5372,10537.2,,,,,2014-02-17 06:14:30,Australia/Melbourne
2014-02-17 17:14:35+11:00,-37.70087485201657,144.55852850340307,0.48483,129.60000000000002,3148,10.35,10350.0,,,,,2014-02-17 06:14:35,Australia/Melbourne
2014-02-17 17:14:42+11:00,-37.70086521282792,144.5582954864949,0.50536,130.60000000000002,3153,10.5264,10526.4,,,,,2014-02-17 06:14:42,Australia/Melbourne
2014-02-17 17:14:48+11:00,-37.700839983299375,144.55809918232262,0.52291,131.39999999999998,3157,10.609200000000001,10609.2,,,,,2014-02-17 06:14:48,Australia/Melbourne
2014-02-17 17:14:54+11:00,-37.700809724628925,144.55790321342647,0.54052,132.0,3160,10.5552,10555.2,,,,,2014-02-17 06:14:54,Australia/Melbourne
2014-02-17 17:14:59+11:00,-37.70078340545297,144.55774907022715,0.55448,132.0,3160,10.256400000000001,10256.4,,,,,2014-02-17 06:14:59,Australia/Melbourne
2014-02-17 17:15:04+11:00,-37.700758930295706,144.55759853124619,0.5680499999999999,131.60000000000002,3158,10.062,10062.0,,,,,2014-02-17 06:15:04,Australia/Melbourne
2014-02-17 17:15:10+11:00,-37.70074208267033,144.55740490928292,0.5852999999999999,131.39999999999998,3157,10.137599999999999,10137.6,,,,,2014-02-17 06:15:10,Australia/Melbourne
2014-02-17 17:15:16+11:00,-37.70073076710105,144.55722159706056,0.60156,131.20000000000005,3156,10.0692,10069.2,,,,,2014-02-17 06:15:16,Australia/Melbourne
2014-02-17 17:15:22+11:00,-37.70070771686733,144.55702680163085,0.61891,131.20000000000005,3156,10.0908,10090.800000000001,,,,,2014-02-17 06:15:22,Australia/Melbourne
2014-02-17 17:15:27+11:00,-37.70068868994713,144.55686922185123,0.63298,130.20000000000005,3151,10.2096,10209.6,,,,,2014-02-17 06:15:27,Australia/Melbourne
2014-02-17 17:15:33+11:00,-37.700675278902054,144.5566788688302,0.64985,130.60000000000002,3153,10.1952,10195.2,,,,,2014-02-17 06:15:33,Australia/Melbourne
2014-02-17 17:15:39+11:00,-37.70065356977284,144.5564991608262,0.66591,132.0,3160,9.8892,9889.2,,,,,2014-02-17 06:15:39,Australia/Melbourne
2014-02-17 17:15:44+11:00,-37.700634710490704,144.55635189078748,0.6791200000000001,132.0,3160,9.5976,9597.6,,,,,2014-02-17 06:15:44,Australia/Melbourne
2014-02-17 17:15:48+11:00,-37.70062381401658,144.55622046254575,0.69078,131.79999999999995,3159,9.8028,9802.800000000001,,,,,2014-02-17 06:15:48,Australia/Melbourne
2014-02-17 17:15:53+11:00,-37.70060579292476,144.55605139955878,0.70587,132.79999999999995,3164,10.314000000000002,10314.0,,,,,2014-02-17 06:15:53,Australia/Melbourne
2014-02-17 17:15:58+11:00,-37.70059481263161,144.55588585697114,0.72053,132.39999999999998,3162,10.677600000000002,10677.6,,,,,2014-02-17 06:15:58,Australia/Melbourne
2014-02-17 17:16:03+11:00,-37.70057335495949,144.5557054784149,0.73661,132.39999999999998,3162,11.0196,11019.6,,,,,2014-02-17 06:16:03,Australia/Melbourne
2014-02-17 17:16:08+11:00,-37.70055281929672,144.55552459694445,0.75274,133.0,3165,11.4588,11458.800000000001,,,,,2014-02-17 06:16:08,Australia/Melbourne
2014-02-17 17:16:13+11:00,-37.70053630694747,144.55536148510873,0.76725,133.39999999999998,3167,11.1312,11131.2,,,,,2014-02-17 06:16:13,Australia/Melbourne
2014-02-17 17:16:18+11:00,-37.70050956867635,144.55520373769104,0.78149,133.39999999999998,3167,10.494,10494.0,,,,,2014-02-17 06:16:18,Australia/Melbourne
2014-02-17 17:16:23+11:00,-37.70048366859555,144.5550434757024,0.7959400000000001,133.0,3165,10.4004,10400.4,,,,,2014-02-17 06:16:23,Australia/Melbourne
2014-02-17 17:16:27+11:00,-37.70046531222761,144.55492026172578,0.80699,132.79999999999995,3164,10.231200000000001,10231.2,,,,,2014-02-17 06:16:27,Australia/Melbourne
2014-02-17 17:16:32+11:00,-37.70044016651809,144.55476452596486,0.821,132.60000000000002,3163,10.0944,10094.4,,,,,2014-02-17 06:16:32,Australia/Melbourne
2014-02-17 17:16:38+11:00,-37.70041418261826,144.55459219403565,0.83649,132.79999999999995,3164,9.6768,9676.800000000001,,,,,2014-02-17 06:16:38,Australia/Melbourne
2014-02-17 17:16:43+11:00,-37.700390964746475,144.5544388052076,0.85029,132.79999999999995,3164,9.648000000000001,9648.0,,,,,2014-02-17 06:16:43,Australia/Melbourne
2014-02-17 17:16:48+11:00,-37.7003690879792,144.55428742803633,0.86386,132.60000000000002,3163,9.7992,9799.2,,,,,2014-02-17 06:16:48,Australia/Melbourne
2014-02-17 17:16:54+11:00,-37.700356766581535,144.5540970750153,0.8807200000000001,132.20000000000005,3161,9.9396,9939.6,,,,,2014-02-17 06:16:54,Australia/Melbourne
2014-02-17 17:17:00+11:00,-37.70033438690007,144.5539004355669,0.89824,133.0,3165,10.231200000000001,10231.2,,,,,2014-02-17 06:17:00,Australia/Melbourne
2014-02-17 17:17:06+11:00,-37.70030228421092,144.5537214819342,0.91443,133.20000000000005,3166,10.0944,10094.4,,,,,2014-02-17 06:17:06,Australia/Melbourne
2014-02-17 17:17:13+11:00,-37.700264817103744,144.55349433235824,0.9349400000000001,133.60000000000002,3168,10.2204,10220.4,,,,,2014-02-17 06:17:13,Australia/Melbourne
2014-02-17 17:17:20+11:00,-37.70023380406201,144.5532655902207,0.9554400000000001,134.0,3170,10.5588,10558.800000000001,,,,,2014-02-17 06:17:20,Australia/Melbourne
2014-02-17 17:17:27+11:00,-37.70019952207804,144.55304145812988,0.97561,133.79999999999995,3169,10.476,10476.0,,,,,2014-02-17 06:17:27,Australia/Melbourne
2014-02-17 17:17:33+11:00,-37.70018007606268,144.5528591517359,0.99186,133.79999999999995,3169,10.141200000000001,10141.2,,,,,2014-02-17 06:17:33,Australia/Melbourne
2014-02-17 17:17:37+11:00,-37.70017630420625,144.55273551866412,1.00278,134.0,3170,9.8496,9849.6,,,,,2014-02-17 06:17:37,Australia/Melbourne
2014-02-17 17:17:38+11:00,-37.700172532349825,144.55270601436496,1.00541,133.79999999999995,3169,9.8172,9817.2,,,,,2014-02-17 06:17:38,Australia/Melbourne
2014-02-17 17:17:44+11:00,-37.7001494821161,144.5525121409446,1.0227,133.79999999999995,3169,10.0188,10018.800000000001,,,,,2014-02-17 06:17:44,Australia/Melbourne
2014-02-17 17:17:49+11:00,-37.70014051347971,144.55234760418534,1.03728,133.79999999999995,3169,10.368,10368.0,,,,,2014-02-17 06:17:49,Australia/Melbourne
2014-02-17 17:17:56+11:00,-37.70012157037854,144.55211022868752,1.0584,134.20000000000005,3171,10.638,10638.0,,,,,2014-02-17 06:17:56,Australia/Melbourne
2014-02-17 17:18:03+11:00,-37.70009567029774,144.55187628977,1.07924,133.60000000000002,3168,10.9368,10936.800000000001,,,,,2014-02-17 06:18:03,Australia/Melbourne
2014-02-17 17:18:09+11:00,-37.70007002167404,144.55167881213129,1.0968900000000001,133.60000000000002,3168,10.656,10656.0,,,,,2014-02-17 06:18:09,Australia/Melbourne
2014-02-17 17:18:16+11:00,-37.70003314130008,144.55145652405918,1.11697,132.60000000000002,3163,10.3788,10378.800000000001,,,,,2014-02-17 06:18:16,Australia/Melbourne
2014-02-17 17:18:21+11:00,-37.70001118071377,144.55129123292863,1.13175,132.79999999999995,3164,10.465200000000001,10465.2,,,,,2014-02-17 06:18:21,Australia/Melbourne
2014-02-17 17:18:26+11:00,-37.69999785348773,144.55112141557038,1.14682,132.0,3160,10.634400000000001,10634.4,,,,,2014-02-17 06:18:26,Australia/Melbourne
2014-02-17 17:18:33+11:00,-37.69996114075184,144.55090046860278,1.16676,131.39999999999998,3157,10.5408,10540.800000000001,,,,,2014-02-17 06:18:33,Australia/Melbourne
2014-02-17 17:18:39+11:00,-37.69993532449007,144.55069854855537,1.18479,131.60000000000002,3158,10.580400000000001,10580.4,,,,,2014-02-17 06:18:39,Australia/Melbourne
2014-02-17 17:18:45+11:00,-37.699892576783895,144.55052755773067,1.201,131.20000000000005,3156,10.2744,10274.4,,,,,2014-02-17 06:18:45,Australia/Melbourne
2014-02-17 17:18:49+11:00,-37.6997887250036,144.55052345059812,1.21284,130.60000000000002,3153,10.112400000000001,10112.4,,,,,2014-02-17 06:18:49,Australia/Melbourne
2014-02-17 17:18:55+11:00,-37.69963030703366,144.55056058242917,1.23076,131.0,3155,10.375200000000001,10375.2,,,,,2014-02-17 06:18:55,Australia/Melbourne
2014-02-17 17:19:01+11:00,-37.69947842694819,144.55059913918376,1.24796,131.0,3155,10.5444,10544.4,,,,,2014-02-17 06:19:01,Australia/Melbourne
2014-02-17 17:19:07+11:00,-37.69932445138693,144.5506301522255,1.26527,131.0,3155,10.321200000000001,10321.2,,,,,2014-02-17 06:19:07,Australia/Melbourne
2014-02-17 17:19:13+11:00,-37.69917248748243,144.5506624225527,1.2823699999999998,131.20000000000005,3156,10.3824,10382.4,,,,,2014-02-17 06:19:13,Australia/Melbourne
2014-02-17 17:19:19+11:00,-37.69901909865439,144.55068153329194,1.2994700000000001,131.79999999999995,3159,10.3032,10303.2,,,,,2014-02-17 06:19:19,Australia/Melbourne
2014-02-17 17:19:25+11:00,-37.698873337358236,144.55070248804986,1.31576,132.60000000000002,3163,9.982800000000001,9982.800000000001,,,,,2014-02-17 06:19:25,Australia/Melbourne
2014-02-17 17:19:31+11:00,-37.698721289634705,144.55072889104486,1.33283,132.79999999999995,3164,9.997200000000001,9997.2,,,,,2014-02-17 06:19:31,Australia/Melbourne
2014-02-17 17:19:38+11:00,-37.69854795187712,144.55073048360646,1.35212,132.20000000000005,3161,10.1484,10148.4,,,,,2014-02-17 06:19:38,Australia/Melbourne
2014-02-17 17:19:44+11:00,-37.69840068183839,144.5507527794689,1.36867,131.79999999999995,3159,9.9324,9932.4,,,,,2014-02-17 06:19:44,Australia/Melbourne
2014-02-17 17:19:50+11:00,-37.69825098104775,144.5507850497961,1.38553,131.60000000000002,3158,9.9504,9950.4,,,,,2014-02-17 06:19:50,Australia/Melbourne
2014-02-17 17:19:56+11:00,-37.69810429774225,144.5508127938956,1.402,131.39999999999998,3157,9.99,9990.0,,,,,2014-02-17 06:19:56,Australia/Melbourne
2014-02-17 17:20:02+11:00,-37.69795082509518,144.5508426334709,1.41925,131.79999999999995,3159,10.1196,10119.6,,,,,2014-02-17 06:20:02,Australia/Melbourne
2014-02-17 17:20:09+11:00,-37.697785533964634,144.55088504590094,1.43797,131.20000000000005,3156,10.062,10062.0,,,,,2014-02-17 06:20:09,Australia/Melbourne
2014-02-17 17:20:14+11:00,-37.697657039389014,144.55089862458408,1.45231,131.79999999999995,3159,9.954,9954.0,,,,,2014-02-17 06:20:14,Australia/Melbourne
2014-02-17 17:20:20+11:00,-37.697511026635766,144.55088378861547,1.46865,131.39999999999998,3157,9.9324,9932.4,,,,,2014-02-17 06:20:20,Australia/Melbourne
2014-02-17 17:20:26+11:00,-37.69736568443477,144.55081053078175,1.4861099999999998,131.0,3155,10.0944,10094.4,,,,,2014-02-17 06:20:26,Australia/Melbourne
2014-02-17 17:20:32+11:00,-37.6972381118685,144.55070064403117,1.50329,130.60000000000002,3153,10.314000000000002,10314.0,,,,,2014-02-17 06:20:32,Australia/Melbourne
2014-02-17 17:20:37+11:00,-37.697131242603064,144.55059670843184,1.51828,131.0,3155,10.4436,10443.6,,,,,2014-02-17 06:20:37,Australia/Melbourne
2014-02-17 17:20:43+11:00,-37.697007693350315,144.55048548057675,1.53516,131.20000000000005,3156,10.5444,10544.4,,,,,2014-02-17 06:20:43,Australia/Melbourne
2014-02-17 17:20:49+11:00,-37.69687945023179,144.55037576146424,1.55235,130.79999999999995,3154,10.285200000000001,10285.2,,,,,2014-02-17 06:20:49,Australia/Melbourne
2014-02-17 17:20:56+11:00,-37.69671231508255,144.55027350224555,1.57302,130.20000000000005,3151,10.4184,10418.4,,,,,2014-02-17 06:20:56,Australia/Melbourne
2014-02-17 17:21:04+11:00,-37.696510227397084,144.5502178464085,1.59601,130.60000000000002,3153,10.490400000000001,10490.4,,,,,2014-02-17 06:21:04,Australia/Melbourne
2014-02-17 17:21:10+11:00,-37.696356335654855,144.55022145062685,1.6131,130.79999999999995,3154,10.242,10242.0,,,,,2014-02-17 06:21:10,Australia/Melbourne
2014-02-17 17:21:16+11:00,-37.696200935170054,144.5502496138215,1.63053,131.20000000000005,3156,10.3392,10339.2,,,,,2014-02-17 06:21:16,Australia/Melbourne
2014-02-17 17:21:22+11:00,-37.69604721106589,144.55028674565256,1.6479000000000001,131.20000000000005,3156,10.4328,10432.800000000001,,,,,2014-02-17 06:21:22,Australia/Melbourne
2014-02-17 17:21:27+11:00,-37.6959169562906,144.55031189136207,1.66254,131.79999999999995,3159,10.519200000000001,10519.2,,,,,2014-02-17 06:21:27,Australia/Melbourne
2014-02-17 17:21:33+11:00,-37.69576692022383,144.5503386296332,1.67938,132.0,3160,10.4148,10414.800000000001,,,,,2014-02-17 06:21:33,Australia/Melbourne
2014-02-17 17:21:35+11:00,-37.69571905955672,144.55035807564855,1.6850399999999999,131.79999999999995,3159,10.26,10260.0,,,,,2014-02-17 06:21:35,Australia/Melbourne
2014-02-17 17:21:37+11:00,-37.69568871706724,144.5503991469741,1.69001,132.0,3160,9.954,9954.0,,,,,2014-02-17 06:21:37,Australia/Melbourne
2014-02-17 17:21:42+11:00,-37.69556935876608,144.55042596906424,1.7035,132.20000000000005,3161,9.6408,9640.800000000001,,,,,2014-02-17 06:21:42,Australia/Melbourne
2014-02-17 17:21:46+11:00,-37.69548931159079,144.55039923079312,1.71306,132.20000000000005,3161,9.2052,9205.2,,,,,2014-02-17 06:21:46,Australia/Melbourne
2014-02-17 17:21:50+11:00,-37.69538923166692,144.5504116360098,1.72426,132.79999999999995,3164,9.4356,9435.6,,,,,2014-02-17 06:21:50,Australia/Melbourne
2014-02-17 17:21:51+11:00,-37.695364924147725,144.55041658133268,1.72699,132.79999999999995,3164,9.4572,9457.2,,,,,2014-02-17 06:21:51,Australia/Melbourne
2014-02-17 17:21:56+11:00,-37.69523760303855,144.55044030211866,1.74128,133.0,3165,9.957600000000001,9957.6,,,,,2014-02-17 06:21:56,Australia/Melbourne
2014-02-17 17:22:02+11:00,-37.695086393505335,144.5504628494382,1.75817,134.0,3170,10.1988,10198.800000000001,,,,,2014-02-17 06:22:02,Australia/Melbourne
2014-02-17 17:22:08+11:00,-37.69493677653372,144.55049545504153,1.7750299999999999,133.39999999999998,3167,10.1952,10195.2,,,,,2014-02-17 06:22:08,Australia/Melbourne
2014-02-17 17:22:13+11:00,-37.694813227280974,144.5505196787417,1.78892,133.20000000000005,3166,10.1304,10130.4,,,,,2014-02-17 06:22:13,Australia/Melbourne
2014-02-17 17:22:18+11:00,-37.69468682818115,144.5505405496806,1.8030899999999999,133.39999999999998,3167,10.170000000000002,10170.0,,,,,2014-02-17 06:22:18,Australia/Melbourne
2014-02-17 17:22:23+11:00,-37.69455464556813,144.55055546946824,1.81782,133.39999999999998,3167,10.4328,10432.800000000001,,,,,2014-02-17 06:22:23,Australia/Melbourne
2014-02-17 17:22:28+11:00,-37.69442053511739,144.550573322922,1.8328,134.0,3170,10.533600000000002,10533.6,,,,,2014-02-17 06:22:28,Australia/Melbourne
2014-02-17 17:22:33+11:00,-37.69429002888501,144.55059285275638,1.8474300000000001,134.39999999999998,3172,10.645199999999999,10645.2,,,,,2014-02-17 06:22:33,Australia/Melbourne
2014-02-17 17:22:39+11:00,-37.69413622096181,144.5506312418729,1.86483,134.0,3170,10.5264,10526.4,,,,,2014-02-17 06:22:39,Australia/Melbourne
2014-02-17 17:22:44+11:00,-37.69400781020522,144.5506523642689,1.87921,134.20000000000005,3171,10.332,10332.0,,,,,2014-02-17 06:22:44,Australia/Melbourne
2014-02-17 17:22:49+11:00,-37.69388744607568,144.5506750792265,1.8927100000000001,134.0,3170,10.141200000000001,10141.2,,,,,2014-02-17 06:22:49,Australia/Melbourne
2014-02-17 17:22:55+11:00,-37.69373623654246,144.55071195960045,1.90981,134.0,3170,10.0728,10072.800000000001,,,,,2014-02-17 06:22:55,Australia/Melbourne
2014-02-17 17:23:01+11:00,-37.693574549630284,144.55074079334736,1.92794,134.60000000000002,3173,10.5084,10508.4,,,,,2014-02-17 06:23:01,Australia/Melbourne
2014-02-17 17:23:09+11:00,-37.69336927682161,144.55077851191163,1.95098,134.60000000000002,3173,10.5696,10569.6,,,,,2014-02-17 06:23:09,Australia/Melbourne
2014-02-17 17:23:15+11:00,-37.6932127866894,144.5507667772472,1.96839,134.60000000000002,3173,10.4364,10436.4,,,,,2014-02-17 06:23:15,Australia/Melbourne
2014-02-17 17:23:21+11:00,-37.693063924089074,144.55072880722582,1.98526,134.39999999999998,3172,10.3068,10306.800000000001,,,,,2014-02-17 06:23:21,Australia/Melbourne
2014-02-17 17:23:27+11:00,-37.692925706505775,144.55068941228092,2.00137,134.39999999999998,3172,9.9252,9925.2,,,,,2014-02-17 06:23:27,Australia/Melbourne
2014-02-17 17:23:32+11:00,-37.69282763823867,144.55080080777407,2.0161,134.79999999999995,3174,10.08,10080.0,,,,,2014-02-17 06:23:32,Australia/Melbourne
2014-02-17 17:23:38+11:00,-37.69276410341263,144.55097867175937,2.03332,134.39999999999998,3172,10.357199999999999,10357.2,,,,,2014-02-17 06:23:38,Australia/Melbourne
2014-02-17 17:23:45+11:00,-37.69271054305136,144.55119668506086,2.0534899999999996,134.79999999999995,3174,10.3824,10382.4,,,,,2014-02-17 06:23:45,Australia/Melbourne
2014-02-17 17:23:51+11:00,-37.69268732517958,144.55139148049057,2.0708699999999998,135.0,3175,10.389600000000002,10389.6,,,,,2014-02-17 06:23:51,Australia/Melbourne
2014-02-17 17:23:57+11:00,-37.69266796298325,144.55159809440374,2.0892399999999998,135.60000000000002,3178,10.7604,10760.4,,,,,2014-02-17 06:23:57,Australia/Melbourne
2014-02-17 17:24:04+11:00,-37.69268363714218,144.55182348378003,2.1092199999999997,136.0,3180,10.566,10566.0,,,,,2014-02-17 06:24:04,Australia/Melbourne
2014-02-17 17:24:09+11:00,-37.69270299933851,144.55198106355965,2.1232699999999998,136.20000000000005,3181,10.224,10224.0,,,,,2014-02-17 06:24:09,Australia/Melbourne
2014-02-17 17:24:15+11:00,-37.692721858620644,144.55217393115163,2.14042,136.20000000000005,3181,10.1808,10180.800000000001,,,,,2014-02-17 06:24:15,Australia/Melbourne
2014-02-17 17:24:21+11:00,-37.692741975188255,144.55236797221005,2.15767,136.0,3180,10.314000000000002,10314.0,,,,,2014-02-17 06:24:21,Australia/Melbourne
2014-02-17 17:24:27+11:00,-37.69276225939393,144.55256377346814,2.17509,135.79999999999995,3179,10.386,10386.0,,,,,2014-02-17 06:24:27,Australia/Melbourne
2014-02-17 17:24:33+11:00,-37.692782962694764,144.55276921391487,2.1933499999999997,136.79999999999995,3184,10.6164,10616.4,,,,,2014-02-17 06:24:33,Australia/Melbourne
2014-02-17 17:24:39+11:00,-37.692805426195264,144.5529577229172,2.21014,138.20000000000005,3191,10.533600000000002,10533.6,,,,,2014-02-17 06:24:39,Australia/Melbourne
2014-02-17 17:24:45+11:00,-37.692827889695764,144.55315193161368,2.22744,138.20000000000005,3191,10.3284,10328.4,,,,,2014-02-17 06:24:45,Australia/Melbourne
2014-02-17 17:24:52+11:00,-37.69285655580461,144.5533819310367,2.2479699999999996,139.39999999999998,3197,10.490400000000001,10490.4,,,,,2014-02-17 06:24:52,Australia/Melbourne
2014-02-17 17:24:58+11:00,-37.69287474453449,144.55356624908745,2.26438,139.39999999999998,3197,10.231200000000001,10231.2,,,,,2014-02-17 06:24:58,Australia/Melbourne
2014-02-17 17:25:04+11:00,-37.69289402291179,144.5537629723549,2.28185,138.79999999999995,3194,10.170000000000002,10170.0,,,,,2014-02-17 06:25:04,Australia/Melbourne
2014-02-17 17:25:10+11:00,-37.69291606731713,144.55393840558827,2.2975,140.0,3200,9.9144,9914.4,,,,,2014-02-17 06:25:10,Australia/Melbourne
2014-02-17 17:25:15+11:00,-37.69293911755085,144.55408634617925,2.31079,140.0,3200,9.619200000000001,9619.2,,,,,2014-02-17 06:25:15,Australia/Melbourne
2014-02-17 17:25:20+11:00,-37.692960659042,144.55424325540662,2.32483,139.79999999999995,3199,9.709200000000001,9709.2,,,,,2014-02-17 06:25:20,Australia/Melbourne
2014-02-17 17:25:25+11:00,-37.692986307665706,144.554397566244,2.33873,140.20000000000005,3201,9.8496,9849.6,,,,,2014-02-17 06:25:25,Australia/Melbourne
2014-02-17 17:25:30+11:00,-37.69300164654851,144.55455699004233,2.3528800000000003,139.79999999999995,3199,10.101600000000001,10101.6,,,,,2014-02-17 06:25:30,Australia/Melbourne
2014-02-17 17:25:36+11:00,-37.6930227689445,144.55475321039557,2.37034,139.0,3195,10.321200000000001,10321.2,,,,,2014-02-17 06:25:36,Australia/Melbourne
2014-02-17 17:25:42+11:00,-37.693047327920794,144.55494758673012,2.38771,139.20000000000005,3196,10.422,10422.0,,,,,2014-02-17 06:25:42,Australia/Melbourne
2014-02-17 17:25:47+11:00,-37.69305202178657,144.55510248430073,2.4013899999999997,138.79999999999995,3194,10.2384,10238.4,,,,,2014-02-17 06:25:47,Australia/Melbourne
2014-02-17 17:25:52+11:00,-37.69304908812046,144.5552641712129,2.41566,138.79999999999995,3194,10.2096,10209.6,,,,,2014-02-17 06:25:52,Australia/Melbourne
2014-02-17 17:25:57+11:00,-37.6930349227041,144.55541756004095,2.4292800000000003,139.20000000000005,3196,9.979199999999999,9979.2,,,,,2014-02-17 06:25:57,Australia/Melbourne
2014-02-17 17:26:04+11:00,-37.69300131127238,144.55563507042825,2.4488600000000003,139.20000000000005,3196,9.9504,9950.4,,,,,2014-02-17 06:26:04,Australia/Melbourne
2014-02-17 17:26:08+11:00,-37.693004412576556,144.55575275234878,2.4596999999999998,139.39999999999998,3197,10.0224,10022.4,,,,,2014-02-17 06:26:08,Australia/Melbourne
2014-02-17 17:26:09+11:00,-37.693023355677724,144.55576834268868,2.4621999999999997,139.39999999999998,3197,9.892800000000001,9892.800000000001,,,,,2014-02-17 06:26:09,Australia/Melbourne
2014-02-17 17:26:13+11:00,-37.69304514862597,144.55587537959218,2.47257,139.79999999999995,3199,9.684,9684.0,,,,,2014-02-17 06:26:13,Australia/Melbourne
2014-02-17 17:26:15+11:00,-37.69303014501929,144.55592659302056,2.47746,139.79999999999995,3199,9.4644,9464.4,,,,,2014-02-17 06:26:15,Australia/Melbourne
2014-02-17 17:26:17+11:00,-37.69299401901662,144.55593505874276,2.48171,139.39999999999998,3197,8.967600000000001,8967.6,,,,,2014-02-17 06:26:17,Australia/Melbourne
2014-02-17 17:26:20+11:00,-37.692937357351184,144.55596498213708,2.4889200000000002,139.60000000000002,3198,8.722800000000001,8722.800000000001,,,,,2014-02-17 06:26:20,Australia/Melbourne
2014-02-17 17:26:23+11:00,-37.69291263073683,144.55605399794877,2.4972399999999997,139.79999999999995,3199,9.072000000000001,9072.0,,,,,2014-02-17 06:26:23,Australia/Melbourne
2014-02-17 17:26:24+11:00,-37.69290475174785,144.55608442425728,2.50006,140.0,3200,9.0648,9064.800000000001,,,,,2014-02-17 06:26:24,Australia/Melbourne
2014-02-17 17:26:32+11:00,-37.692839708179235,144.5563273318112,2.52267,140.0,3200,10.0656,10065.6,,,,,2014-02-17 06:26:32,Australia/Melbourne
2014-02-17 17:26:38+11:00,-37.69280148670077,144.55651567317545,2.53983,139.20000000000005,3196,10.3068,10306.800000000001,,,,,2014-02-17 06:26:38,Australia/Melbourne
2014-02-17 17:26:45+11:00,-37.69278849475086,144.55673477612436,2.55927,138.79999999999995,3194,10.2276,10227.6,,,,,2014-02-17 06:26:45,Australia/Melbourne
2014-02-17 17:26:51+11:00,-37.69278044812381,144.5569254644215,2.5761399999999997,139.0,3195,10.008,10008.0,,,,,2014-02-17 06:26:51,Australia/Melbourne
2014-02-17 17:26:56+11:00,-37.69278170540929,144.55709394067526,2.591,139.0,3195,10.152,10152.0,,,,,2014-02-17 06:26:56,Australia/Melbourne
2014-02-17 17:27:03+11:00,-37.69278715364635,144.5573210902512,2.61104,139.0,3195,10.5624,10562.4,,,,,2014-02-17 06:27:03,Australia/Melbourne
2014-02-17 17:27:10+11:00,-37.692807856947184,144.5575441326946,2.63084,138.20000000000005,3191,10.1592,10159.2,,,,,2014-02-17 06:27:10,Australia/Melbourne
2014-02-17 17:27:15+11:00,-37.692826548591256,144.55770053900778,2.64477,137.39999999999998,3187,10.098,10098.0,,,,,2014-02-17 06:27:15,Australia/Melbourne
2014-02-17 17:27:21+11:00,-37.692852448672056,144.5578892994672,2.66167,136.79999999999995,3184,10.278,10278.0,,,,,2014-02-17 06:27:21,Australia/Melbourne
2014-02-17 17:27:28+11:00,-37.69288195297122,144.55810982733965,2.68137,136.79999999999995,3184,10.1592,10159.2,,,,,2014-02-17 06:27:28,Australia/Melbourne
2014-02-17 17:27:34+11:00,-37.69290584139526,144.55830219201744,2.6985300000000003,137.39999999999998,3187,10.2384,10238.4,,,,,2014-02-17 06:27:34,Australia/Melbourne
2014-02-17 17:27:41+11:00,-37.69294364377856,144.55851794220507,2.718,136.60000000000002,3183,10.0692,10069.2,,,,,2014-02-17 06:27:41,Australia/Melbourne
2014-02-17 17:27:47+11:00,-37.69298345781863,144.5586993265897,2.7346,136.20000000000005,3181,9.9684,9968.4,,,,,2014-02-17 06:27:47,Australia/Melbourne
2014-02-17 17:27:52+11:00,-37.693008268252015,144.55886411480606,2.74939,136.79999999999995,3184,10.137599999999999,10137.6,,,,,2014-02-17 06:27:52,Australia/Melbourne
2014-02-17 17:27:58+11:00,-37.69303685054183,144.5590444933623,2.7656,136.79999999999995,3184,10.332,10332.0,,,,,2014-02-17 06:27:58,Australia/Melbourne
2014-02-17 17:28:04+11:00,-37.69308848306537,144.55922906287014,2.7828600000000003,136.0,3180,10.0512,10051.2,,,,,2014-02-17 06:28:04,Australia/Melbourne
2014-02-17 17:28:09+11:00,-37.69312377087772,144.55938421189785,2.79707,135.79999999999995,3179,10.2816,10281.6,,,,,2014-02-17 06:28:09,Australia/Melbourne
2014-02-17 17:28:14+11:00,-37.69316844642162,144.5595318172127,2.81103,136.0,3180,10.123199999999999,10123.2,,,,,2014-02-17 06:28:14,Australia/Melbourne
2014-02-17 17:28:20+11:00,-37.69322887994349,144.55971563234925,2.82857,136.39999999999998,3182,10.3104,10310.4,,,,,2014-02-17 06:28:20,Australia/Melbourne
2014-02-17 17:28:25+11:00,-37.69327690824866,144.55986172892153,2.8424899999999997,136.20000000000005,3181,10.2744,10274.4,,,,,2014-02-17 06:28:25,Australia/Melbourne
2014-02-17 17:28:31+11:00,-37.69333449192345,144.5600384194404,2.85935,135.39999999999998,3177,10.101600000000001,10101.6,,,,,2014-02-17 06:28:31,Australia/Melbourne
2014-02-17 17:28:37+11:00,-37.693410851061344,144.5602115895599,2.87684,134.79999999999995,3174,10.285200000000001,10285.2,,,,,2014-02-17 06:28:37,Australia/Melbourne
2014-02-17 17:28:43+11:00,-37.69348871894181,144.56038316711783,2.89427,134.60000000000002,3173,10.533600000000002,10533.6,,,,,2014-02-17 06:28:43,Australia/Melbourne
2014-02-17 17:28:51+11:00,-37.693594163283706,144.56060185097158,2.91683,134.20000000000005,3171,10.3392,10339.2,,,,,2014-02-17 06:28:51,Australia/Melbourne
2014-02-17 17:28:56+11:00,-37.69367270171642,144.56074073910713,2.93188,134.20000000000005,3171,10.4148,10414.800000000001,,,,,2014-02-17 06:28:56,Australia/Melbourne
2014-02-17 17:29:01+11:00,-37.69375182688236,144.5608614385128,2.94569,133.79999999999995,3169,10.3824,10382.4,,,,,2014-02-17 06:29:01,Australia/Melbourne
2014-02-17 17:29:07+11:00,-37.693849643692374,144.56101281568408,2.96291,134.0,3170,10.1484,10148.4,,,,,2014-02-17 06:29:07,Australia/Melbourne
2014-02-17 17:29:13+11:00,-37.69394368864596,144.5611595828086,2.97954,134.0,3170,10.2204,10220.4,,,,,2014-02-17 06:29:13,Australia/Melbourne
2014-02-17 17:29:20+11:00,-37.69405751489103,144.56132378429174,2.99878,133.60000000000002,3168,9.878400000000001,9878.4,,,,,2014-02-17 06:29:20,Australia/Melbourne
2014-02-17 17:29:21+11:00,-37.69407134503126,144.56134817562997,3.00142,133.60000000000002,3168,9.878400000000001,9878.4,,,,,2014-02-17 06:29:21,Australia/Melbourne
2014-02-17 17:29:27+11:00,-37.69416513852775,144.5615052524954,3.01877,132.60000000000002,3163,10.1988,10198.800000000001,,,,,2014-02-17 06:29:27,Australia/Melbourne
2014-02-17 17:29:33+11:00,-37.6942456047982,144.5616616588086,3.0351999999999997,131.79999999999995,3159,10.1808,10180.800000000001,,,,,2014-02-17 06:29:33,Australia/Melbourne
2014-02-17 17:29:39+11:00,-37.69431752152741,144.5618268661201,3.05181,131.20000000000005,3156,9.882000000000001,9882.0,,,,,2014-02-17 06:29:39,Australia/Melbourne
2014-02-17 17:29:45+11:00,-37.69438021816313,144.56199936568737,3.06853,131.0,3155,9.9504,9950.4,,,,,2014-02-17 06:29:45,Australia/Melbourne
2014-02-17 17:29:51+11:00,-37.69443470053375,144.56218594685197,3.08606,131.20000000000005,3156,10.278,10278.0,,,,,2014-02-17 06:29:51,Australia/Melbourne
2014-02-17 17:29:58+11:00,-37.69447736442089,144.562405385077,3.10606,131.60000000000002,3158,10.476,10476.0,,,,,2014-02-17 06:29:58,Australia/Melbourne
2014-02-17 17:30:03+11:00,-37.69449840299785,144.56257419660687,3.12114,131.79999999999995,3159,10.5732,10573.2,,,,,2014-02-17 06:30:03,Australia/Melbourne
2014-02-17 17:30:09+11:00,-37.69452027976513,144.56276195123792,3.13789,132.0,3160,10.3968,10396.800000000001,,,,,2014-02-17 06:30:09,Australia/Melbourne
2014-02-17 17:30:14+11:00,-37.69453461281955,144.5629289187491,3.1527,132.0,3160,10.2024,10202.4,,,,,2014-02-17 06:30:14,Australia/Melbourne
2014-02-17 17:30:19+11:00,-37.69455355592072,144.5630964729935,3.16763,132.0,3160,10.53,10530.0,,,,,2014-02-17 06:30:19,Australia/Melbourne
2014-02-17 17:30:24+11:00,-37.69457694143057,144.56325572915375,3.1819,132.39999999999998,3162,10.533600000000002,10533.6,,,,,2014-02-17 06:30:24,Australia/Melbourne
2014-02-17 17:30:30+11:00,-37.694612983614206,144.56343594007194,3.19828,132.20000000000005,3161,10.0764,10076.4,,,,,2014-02-17 06:30:30,Australia/Melbourne
2014-02-17 17:30:36+11:00,-37.69464550539851,144.56363232806325,3.2159899999999997,133.20000000000005,3166,10.206,10206.0,,,,,2014-02-17 06:30:36,Australia/Melbourne
2014-02-17 17:30:42+11:00,-37.69469244405627,144.56382184289396,3.2334899999999998,133.0,3165,10.5264,10526.4,,,,,2014-02-17 06:30:42,Australia/Melbourne
2014-02-17 17:30:47+11:00,-37.69474508240819,144.56397078931332,3.24784,133.0,3165,10.4436,10443.6,,,,,2014-02-17 06:30:47,Australia/Melbourne
2014-02-17 17:30:53+11:00,-37.694817166775465,144.56414773128927,3.26538,133.20000000000005,3166,10.504800000000001,10504.800000000001,,,,,2014-02-17 06:30:53,Australia/Melbourne
2014-02-17 17:30:59+11:00,-37.694871397688985,144.56433087587357,3.28262,133.79999999999995,3169,10.450800000000001,10450.800000000001,,,,,2014-02-17 06:30:59,Australia/Melbourne
2014-02-17 17:31:04+11:00,-37.69491967745125,144.56447781063616,3.29664,133.20000000000005,3166,10.2528,10252.800000000001,,,,,2014-02-17 06:31:04,Australia/Melbourne
2014-02-17 17:31:10+11:00,-37.694965275004506,144.56466246396303,3.31371,134.20000000000005,3171,10.2816,10281.6,,,,,2014-02-17 06:31:10,Australia/Melbourne
2014-02-17 17:31:11+11:00,-37.69498547539115,144.56467436626554,3.31616,134.39999999999998,3172,10.08,10080.0,,,,,2014-02-17 06:31:11,Australia/Melbourne
2014-02-17 17:31:13+11:00,-37.69503274932504,144.56466992385685,3.3214200000000003,134.20000000000005,3171,10.0764,10076.4,,,,,2014-02-17 06:31:13,Australia/Melbourne
2014-02-17 17:31:14+11:00,-37.69504599273205,144.5646827481687,3.32323,134.39999999999998,3172,9.748800000000001,9748.800000000001,,,,,2014-02-17 06:31:14,Australia/Melbourne
2014-02-17 17:31:16+11:00,-37.69505672156811,144.5647368952632,3.32814,134.39999999999998,3172,9.442800000000002,9442.800000000001,,,,,2014-02-17 06:31:16,Australia/Melbourne
2014-02-17 17:31:19+11:00,-37.6950569730252,144.5648159366101,3.33525,134.39999999999998,3172,8.982000000000001,8982.0,,,,,2014-02-17 06:31:19,Australia/Melbourne
2014-02-17 17:31:21+11:00,-37.69502746872604,144.5648418366909,3.33925,134.39999999999998,3172,8.4636,8463.6,,,,,2014-02-17 06:31:21,Australia/Melbourne
2014-02-17 17:31:25+11:00,-37.69503224641085,144.56494828686118,3.3490100000000003,135.0,3175,8.1828,8182.8,,,,,2014-02-17 06:31:25,Australia/Melbourne
2014-02-17 17:31:29+11:00,-37.69506032578647,144.56508692353964,3.36162,135.60000000000002,3178,9.1944,9194.4,,,,,2014-02-17 06:31:29,Australia/Melbourne
2014-02-17 17:31:30+11:00,-37.69506527110934,144.56512455828488,3.36498,135.60000000000002,3178,9.4212,9421.2,,,,,2014-02-17 06:31:30,Australia/Melbourne
2014-02-17 17:31:35+11:00,-37.695095194503665,144.5652657095343,3.37786,135.20000000000005,3176,10.2816,10281.6,,,,,2014-02-17 06:31:35,Australia/Melbourne
2014-02-17 17:31:39+11:00,-37.6951174903661,144.56538791768253,3.3889299999999998,135.20000000000005,3176,10.231200000000001,10231.2,,,,,2014-02-17 06:31:39,Australia/Melbourne
2014-02-17 17:31:44+11:00,-37.69514724612236,144.56553510390222,3.40231,135.0,3175,9.615599999999999,9615.6,,,,,2014-02-17 06:31:44,Australia/Melbourne
2014-02-17 17:31:51+11:00,-37.6951830368489,144.5657444000244,3.42119,135.79999999999995,3179,9.6804,9680.4,,,,,2014-02-17 06:31:51,Australia/Melbourne
2014-02-17 17:31:58+11:00,-37.69522846676409,144.5659552887082,3.4404899999999996,136.39999999999998,3182,9.8748,9874.800000000001,,,,,2014-02-17 06:31:58,Australia/Melbourne
2014-02-17 17:31:59+11:00,-37.69524749368429,144.56597750075161,3.4433800000000003,136.39999999999998,3182,9.9288,9928.800000000001,,,,,2014-02-17 06:31:59,Australia/Melbourne
2014-02-17 17:32:02+11:00,-37.69532226026058,144.56599074415863,3.45192,136.20000000000005,3181,9.982800000000001,9982.800000000001,,,,,2014-02-17 06:32:02,Australia/Melbourne
2014-02-17 17:32:05+11:00,-37.69539451226592,144.56594715826213,3.4608600000000003,135.79999999999995,3179,10.1628,10162.800000000001,,,,,2014-02-17 06:32:05,Australia/Melbourne
2014-02-17 17:32:07+11:00,-37.69544136710465,144.5659095235169,3.4670300000000003,135.39999999999998,3177,10.3788,10378.800000000001,,,,,2014-02-17 06:32:07,Australia/Melbourne
2014-02-17 17:32:12+11:00,-37.69557220861316,144.56584833562374,3.4826599999999996,134.79999999999995,3174,10.897200000000002,10897.2,,,,,2014-02-17 06:32:12,Australia/Melbourne
2014-02-17 17:32:18+11:00,-37.69573146477342,144.5658109523356,3.50063,133.60000000000002,3168,11.102400000000001,11102.4,,,,,2014-02-17 06:32:18,Australia/Melbourne
2014-02-17 17:32:23+11:00,-37.69586800597608,144.56578748300672,3.5159499999999997,133.20000000000005,3166,11.0844,11084.4,,,,,2014-02-17 06:32:23,Australia/Melbourne
2014-02-17 17:32:29+11:00,-37.69604084081948,144.56575697287917,3.53533,132.79999999999995,3164,11.1672,11167.2,,,,,2014-02-17 06:32:29,Australia/Melbourne
2014-02-17 17:32:36+11:00,-37.69623898901045,144.56571405753493,3.55765,132.79999999999995,3164,11.5272,11527.2,,,,,2014-02-17 06:32:36,Australia/Melbourne
2014-02-17 17:32:42+11:00,-37.69639564678073,144.56568220630288,3.57526,132.0,3160,11.0484,11048.4,,,,,2014-02-17 06:32:42,Australia/Melbourne
2014-02-17 17:32:48+11:00,-37.69655448384583,144.56564582884312,3.59319,131.60000000000002,3158,10.6704,10670.4,,,,,2014-02-17 06:32:48,Australia/Melbourne
2014-02-17 17:32:54+11:00,-37.69671189598739,144.56561364233494,3.6109,131.20000000000005,3156,10.7712,10771.2,,,,,2014-02-17 06:32:54,Australia/Melbourne
2014-02-17 17:33:00+11:00,-37.696876684203744,144.56558120436966,3.62941,131.20000000000005,3156,10.7964,10796.4,,,,,2014-02-17 06:33:00,Australia/Melbourne
2014-02-17 17:33:06+11:00,-37.69704365171492,144.56554910168052,3.64818,131.39999999999998,3157,10.983600000000001,10983.6,,,,,2014-02-17 06:33:06,Australia/Melbourne
2014-02-17 17:33:13+11:00,-37.69723710604012,144.56551976501942,3.6698000000000004,131.79999999999995,3159,11.2644,11264.4,,,,,2014-02-17 06:33:13,Australia/Melbourne
2014-02-17 17:33:19+11:00,-37.697392757982016,144.56549076363444,3.68726,131.39999999999998,3157,10.782,10782.0,,,,,2014-02-17 06:33:19,Australia/Melbourne
2014-02-17 17:33:24+11:00,-37.69752921536565,144.56546100787818,3.70263,131.20000000000005,3156,10.6884,10688.4,,,,,2014-02-17 06:33:24,Australia/Melbourne
2014-02-17 17:33:28+11:00,-37.69762300886214,144.56544390879571,3.71317,130.60000000000002,3153,10.4688,10468.800000000001,,,,,2014-02-17 06:33:28,Australia/Melbourne
2014-02-17 17:33:35+11:00,-37.697802130132914,144.56541390158236,3.73323,130.60000000000002,3153,10.1304,10130.4,,,,,2014-02-17 06:33:35,Australia/Melbourne
2014-02-17 17:33:36+11:00,-37.697828114032745,144.56541021354496,3.73612,130.60000000000002,3153,10.0692,10069.2,,,,,2014-02-17 06:33:36,Australia/Melbourne
2014-02-17 17:33:43+11:00,-37.698017628863454,144.56537056714296,3.75746,130.0,3150,10.648800000000001,10648.800000000001,,,,,2014-02-17 06:33:43,Australia/Melbourne
2014-02-17 17:33:48+11:00,-37.69813899882138,144.56534408032894,3.77116,129.20000000000005,3146,10.5984,10598.4,,,,,2014-02-17 06:33:48,Australia/Melbourne
2014-02-17 17:33:55+11:00,-37.6983227301389,144.56531072035432,3.79178,128.60000000000002,3143,10.2636,10263.6,,,,,2014-02-17 06:33:55,Australia/Melbourne
2014-02-17 17:34:02+11:00,-37.69851341843605,144.56528364680707,3.81306,129.60000000000002,3148,10.8864,10886.4,,,,,2014-02-17 06:34:02,Australia/Melbourne
2014-02-17 17:34:08+11:00,-37.698673848062754,144.5652482751757,3.83114,129.60000000000002,3148,11.0448,11044.800000000001,,,,,2014-02-17 06:34:08,Australia/Melbourne
2014-02-17 17:34:15+11:00,-37.69886084832251,144.5652070362121,3.8522,129.39999999999998,3147,10.908,10908.0,,,,,2014-02-17 06:34:15,Australia/Melbourne
2014-02-17 17:34:20+11:00,-37.699000826105475,144.5651631988585,3.8682399999999997,128.20000000000005,3141,11.0592,11059.2,,,,,2014-02-17 06:34:20,Australia/Melbourne
2014-02-17 17:34:25+11:00,-37.69914038479328,144.56512916833162,3.88408,127.60000000000002,3138,11.3004,11300.4,,,,,2014-02-17 06:34:25,Australia/Melbourne
2014-02-17 17:34:32+11:00,-37.69932386465371,144.5651066210121,3.90461,127.20000000000005,3136,10.9044,10904.4,,,,,2014-02-17 06:34:32,Australia/Melbourne
2014-02-17 17:34:38+11:00,-37.699485551565886,144.5650797151029,3.92272,128.39999999999998,3142,10.7352,10735.2,,,,,2014-02-17 06:34:38,Australia/Melbourne
2014-02-17 17:34:43+11:00,-37.69961220212281,144.56505549140275,3.93693,128.20000000000005,3141,10.638,10638.0,,,,,2014-02-17 06:34:43,Australia/Melbourne
2014-02-17 17:34:49+11:00,-37.699767937883735,144.56502581946552,3.95443,128.39999999999998,3142,10.4688,10468.800000000001,,,,,2014-02-17 06:34:49,Australia/Melbourne
2014-02-17 17:34:55+11:00,-37.69992149434984,144.5649911183864,3.97175,128.0,3140,10.4184,10418.4,,,,,2014-02-17 06:34:55,Australia/Melbourne
2014-02-17 17:35:01+11:00,-37.700081588700414,144.56496614031494,3.9896700000000003,128.0,3140,10.5228,10522.800000000001,,,,,2014-02-17 06:35:01,Australia/Melbourne
2014-02-17 17:35:05+11:00,-37.70018368028104,144.56494845449924,4.00111,128.0,3140,10.501199999999999,10501.2,,,,,2014-02-17 06:35:05,Australia/Melbourne
2014-02-17 17:35:07+11:00,-37.700238078832626,144.5649340376258,4.007280000000001,127.60000000000002,3138,10.656,10656.0,,,,,2014-02-17 06:35:07,Australia/Melbourne
2014-02-17 17:35:13+11:00,-37.70039423368871,144.5649021025747,4.02483,127.79999999999995,3139,10.6272,10627.2,,,,,2014-02-17 06:35:13,Australia/Melbourne
2014-02-17 17:35:17+11:00,-37.70049104467034,144.56488399766386,4.035699999999999,128.20000000000005,3141,10.35,10350.0,,,,,2014-02-17 06:35:17,Australia/Melbourne
2014-02-17 17:35:21+11:00,-37.70058467052877,144.56487603485584,4.04614,128.39999999999998,3142,9.8388,9838.800000000001,,,,,2014-02-17 06:35:21,Australia/Melbourne
2014-02-17 17:35:27+11:00,-37.700744764879346,144.56484778784215,4.06407,129.20000000000005,3146,10.1628,10162.800000000001,,,,,2014-02-17 06:35:27,Australia/Melbourne
2014-02-17 17:35:33+11:00,-37.70088776014745,144.56482021138072,4.08012,129.60000000000002,3148,10.3068,10306.800000000001,,,,,2014-02-17 06:35:33,Australia/Melbourne
2014-02-17 17:35:40+11:00,-37.701076855883,144.5647913776338,4.10127,131.0,3155,10.314000000000002,10314.0,,,,,2014-02-17 06:35:40,Australia/Melbourne
2014-02-17 17:35:47+11:00,-37.70127768628299,144.5647561736405,4.12377,131.20000000000005,3156,11.1996,11199.6,,,,,2014-02-17 06:35:47,Australia/Melbourne
2014-02-17 17:35:54+11:00,-37.70147055387497,144.56473362632096,4.145239999999999,132.20000000000005,3161,11.246400000000001,11246.4,,,,,2014-02-17 06:35:54,Australia/Melbourne
2014-02-17 17:35:58+11:00,-37.70156820304692,144.56469615921378,4.156770000000001,132.79999999999995,3164,10.98,10980.0,,,,,2014-02-17 06:35:58,Australia/Melbourne
2014-02-17 17:35:59+11:00,-37.701576836407185,144.56466154195368,4.1599200000000005,132.60000000000002,3163,10.8936,10893.6,,,,,2014-02-17 06:35:59,Australia/Melbourne
2014-02-17 17:36:02+11:00,-37.70156325772405,144.5645466260612,4.17017,131.79999999999995,3159,11.1816,11181.6,,,,,2014-02-17 06:36:02,Australia/Melbourne
2014-02-17 17:36:03+11:00,-37.70155898295343,144.56451427191496,4.17306,131.39999999999998,3157,11.3148,11314.800000000001,,,,,2014-02-17 06:36:03,Australia/Melbourne
2014-02-17 17:36:08+11:00,-37.70153886638582,144.5643338933587,4.18916,129.79999999999995,3149,11.3112,11311.2,,,,,2014-02-17 06:36:08,Australia/Melbourne
2014-02-17 17:36:15+11:00,-37.701499722898006,144.56408050842583,4.211939999999999,129.20000000000005,3146,11.5668,11566.800000000001,,,,,2014-02-17 06:36:15,Australia/Melbourne
2014-02-17 17:36:20+11:00,-37.70147021859884,144.56390314735472,4.227930000000001,129.0,3145,11.5776,11577.6,,,,,2014-02-17 06:36:20,Australia/Melbourne
2014-02-17 17:36:25+11:00,-37.701446413993835,144.5637278817594,4.24364,128.60000000000002,3143,11.390400000000001,11390.4,,,,,2014-02-17 06:36:25,Australia/Melbourne
2014-02-17 17:36:31+11:00,-37.701417580246925,144.56351472996175,4.26272,128.20000000000005,3141,11.2896,11289.6,,,,,2014-02-17 06:36:31,Australia/Melbourne
2014-02-17 17:36:36+11:00,-37.70138665102422,144.56334264948964,4.27829,127.79999999999995,3139,11.3112,11311.2,,,,,2014-02-17 06:36:36,Australia/Melbourne
2014-02-17 17:36:41+11:00,-37.70137935876846,144.56317056901753,4.2936499999999995,128.0,3140,11.232000000000001,11232.0,,,,,2014-02-17 06:36:41,Australia/Melbourne
2014-02-17 17:36:46+11:00,-37.701410790905356,144.56300008110702,4.30908,128.20000000000005,3141,11.116800000000001,11116.800000000001,,,,,2014-02-17 06:36:46,Australia/Melbourne
2014-02-17 17:36:52+11:00,-37.70143015310168,144.56281601451337,4.32545,128.20000000000005,3141,10.386,10386.0,,,,,2014-02-17 06:36:52,Australia/Melbourne
2014-02-17 17:36:57+11:00,-37.70141188055277,144.56264820881188,4.34038,129.60000000000002,3148,10.375200000000001,10375.2,,,,,2014-02-17 06:36:57,Australia/Melbourne
2014-02-17 17:37:02+11:00,-37.701395116746426,144.5624791458249,4.35541,129.60000000000002,3148,10.7856,10785.6,,,,,2014-02-17 06:37:02,Australia/Melbourne
2014-02-17 17:37:09+11:00,-37.701354967430234,144.5622499845922,4.37611,130.0,3150,10.684800000000001,10684.800000000001,,,,,2014-02-17 06:37:09,Australia/Melbourne
2014-02-17 17:37:15+11:00,-37.701295958831906,144.56205108202994,4.39484,130.79999999999995,3154,11.0052,11005.2,,,,,2014-02-17 06:37:15,Australia/Melbourne
2014-02-17 17:37:20+11:00,-37.70126201212406,144.56187799572945,4.4105799999999995,131.0,3155,11.2428,11242.800000000001,,,,,2014-02-17 06:37:20,Australia/Melbourne
2014-02-17 17:37:25+11:00,-37.70124373957515,144.56170524470508,4.42597,130.60000000000002,3153,11.16,11160.0,,,,,2014-02-17 06:37:25,Australia/Melbourne
2014-02-17 17:37:30+11:00,-37.701223623007536,144.56154162995517,4.44057,130.20000000000005,3151,10.9008,10900.800000000001,,,,,2014-02-17 06:37:30,Australia/Melbourne
2014-02-17 17:37:36+11:00,-37.70120752975345,144.5613418892026,4.458279999999999,129.79999999999995,3149,10.6956,10695.6,,,,,2014-02-17 06:37:36,Australia/Melbourne
2014-02-17 17:37:42+11:00,-37.70117165520787,144.56115304492414,4.47541,129.20000000000005,3146,10.4976,10497.6,,,,,2014-02-17 06:37:42,Australia/Melbourne
2014-02-17 17:37:48+11:00,-37.7011479344219,144.5609579142183,4.49282,128.79999999999995,3144,10.3932,10393.2,,,,,2014-02-17 06:37:48,Australia/Melbourne
2014-02-17 17:37:54+11:00,-37.70112270489335,144.56076353788376,4.51018,128.20000000000005,3141,10.3968,10396.800000000001,,,,,2014-02-17 06:37:54,Australia/Melbourne
2014-02-17 17:38:00+11:00,-37.70109621807933,144.5605696644634,4.5276000000000005,127.60000000000002,3138,10.3968,10396.800000000001,,,,,2014-02-17 06:38:00,Australia/Melbourne
2014-02-17 17:38:05+11:00,-37.701090602204204,144.56039615906775,4.54291,127.39999999999998,3137,10.6884,10688.4,,,,,2014-02-17 06:38:05,Australia/Melbourne
2014-02-17 17:38:10+11:00,-37.70107543095946,144.5602279342711,4.55786,126.39999999999998,3132,10.868400000000001,10868.4,,,,,2014-02-17 06:38:10,Australia/Melbourne
2014-02-17 17:38:13+11:00,-37.70104140043259,144.56013405695558,4.56709,126.0,3130,10.998000000000001,10998.0,,,,,2014-02-17 06:38:13,Australia/Melbourne
2014-02-17 17:38:14+11:00,-37.70102287642658,144.56010547466576,4.57034,126.0,3130,11.0376,11037.6,,,,,2014-02-17 06:38:14,Australia/Melbourne
2014-02-17 17:38:18+11:00,-37.70099957473576,144.55996935255826,4.582649999999999,126.60000000000002,3133,11.102400000000001,11102.4,,,,,2014-02-17 06:38:18,Australia/Melbourne
2014-02-17 17:38:19+11:00,-37.700997395440936,144.55993079580367,4.586060000000001,126.79999999999995,3134,11.156400000000001,11156.4,,,,,2014-02-17 06:38:19,Australia/Melbourne
2014-02-17 17:38:23+11:00,-37.70097157917917,144.5598011277616,4.5978699999999995,126.79999999999995,3134,11.232000000000001,11232.0,,,,,2014-02-17 06:38:23,Australia/Melbourne
2014-02-17 17:38:28+11:00,-37.70098297856748,144.5596737228334,4.6092200000000005,126.60000000000002,3133,9.972,9972.0,,,,,2014-02-17 06:38:28,Australia/Melbourne
2014-02-17 17:38:31+11:00,-37.70098289474845,144.55972694791853,4.613899999999999,126.60000000000002,3133,6.9084,6908.400000000001,,,,,2014-02-17 06:38:31,Australia/Melbourne
2014-02-17 17:38:37+11:00,-37.70100837573409,144.55994244664907,4.63324,126.60000000000002,3133,10.4076,10407.6,,,,,2014-02-17 06:38:37,Australia/Melbourne
2014-02-17 17:38:43+11:00,-37.701035030186176,144.56013363786042,4.65037,126.20000000000005,3131,10.972800000000001,10972.800000000001,,,,,2014-02-17 06:38:43,Australia/Melbourne
2014-02-17 17:38:47+11:00,-37.701058918610215,144.56025458872318,4.66144,126.20000000000005,3131,10.4832,10483.2,,,,,2014-02-17 06:38:47,Australia/Melbourne
2014-02-17 17:38:49+11:00,-37.701066210865974,144.56032667309046,4.6678500000000005,126.20000000000005,3131,10.357199999999999,10357.2,,,,,2014-02-17 06:38:49,Australia/Melbourne
2014-02-17 17:38:55+11:00,-37.701082387939095,144.56053412519395,4.68624,127.0,3135,10.7136,10713.6,,,,,2014-02-17 06:38:55,Australia/Melbourne
2014-02-17 17:39:02+11:00,-37.701108204200864,144.56077854149044,4.70804,128.0,3140,11.1096,11109.6,,,,,2014-02-17 06:39:02,Australia/Melbourne
2014-02-17 17:39:07+11:00,-37.70113385282457,144.56094534136355,4.72302,127.60000000000002,3138,11.0016,11001.6,,,,,2014-02-17 06:39:07,Australia/Melbourne
2014-02-17 17:39:13+11:00,-37.70115832798183,144.56114851869643,4.741149999999999,127.79999999999995,3139,10.962,10962.0,,,,,2014-02-17 06:39:13,Australia/Melbourne
2014-02-17 17:39:19+11:00,-37.70119839347899,144.56135731190443,4.76009,128.20000000000005,3141,11.1456,11145.6,,,,,2014-02-17 06:39:19,Australia/Melbourne
2014-02-17 17:39:25+11:00,-37.701215827837586,144.56157297827303,4.77925,128.79999999999995,3144,11.3688,11368.800000000001,,,,,2014-02-17 06:39:25,Australia/Melbourne
2014-02-17 17:39:31+11:00,-37.701236279681325,144.56177908927202,4.7975699999999994,128.60000000000002,3143,11.2248,11224.800000000001,,,,,2014-02-17 06:39:31,Australia/Melbourne
2014-02-17 17:39:37+11:00,-37.70126377232373,144.5619944203645,4.81682,128.60000000000002,3143,11.2896,11289.6,,,,,2014-02-17 06:39:37,Australia/Melbourne
2014-02-17 17:39:44+11:00,-37.70132001489401,144.56223431043327,4.83896,128.79999999999995,3144,11.466000000000001,11466.0,,,,,2014-02-17 06:39:44,Australia/Melbourne
2014-02-17 17:39:50+11:00,-37.701366282999516,144.56244167871773,4.85806,128.79999999999995,3144,11.451600000000001,11451.6,,,,,2014-02-17 06:39:50,Australia/Melbourne
2014-02-17 17:39:57+11:00,-37.70139587111771,144.5626804791391,4.87939,128.79999999999995,3144,11.2212,11221.2,,,,,2014-02-17 06:39:57,Australia/Melbourne
2014-02-17 17:40:04+11:00,-37.701414143666625,144.56293403171003,4.90197,128.20000000000005,3141,11.394,11394.0,,,,,2014-02-17 06:40:04,Australia/Melbourne
2014-02-17 17:40:10+11:00,-37.70136259496212,144.56315447576344,4.9222399999999995,127.39999999999998,3137,11.854800000000001,11854.800000000001,,,,,2014-02-17 06:40:10,Australia/Melbourne
2014-02-17 17:40:15+11:00,-37.701335856691,144.56331959925592,4.93713,126.79999999999995,3134,11.5092,11509.2,,,,,2014-02-17 06:40:15,Australia/Melbourne
2014-02-17 17:40:21+11:00,-37.701356057077646,144.56352696754038,4.95557,127.20000000000005,3136,11.0448,11044.800000000001,,,,,2014-02-17 06:40:21,Australia/Melbourne
2014-02-17 17:40:27+11:00,-37.70138497464359,144.56374120898545,4.97471,126.79999999999995,3134,11.2752,11275.2,,,,,2014-02-17 06:40:27,Australia/Melbourne
2014-02-17 17:40:33+11:00,-37.70141674205661,144.56395737826824,4.9941,127.39999999999998,3137,11.6424,11642.4,,,,,2014-02-17 06:40:33,Australia/Melbourne
2014-02-17 17:40:35+11:00,-37.70142529159784,144.5640370901674,5.001180000000001,127.60000000000002,3138,11.7972,11797.2,,,,,2014-02-17 06:40:35,Australia/Melbourne
2014-02-17 17:40:36+11:00,-37.70142839290202,144.56407506018877,5.004560000000001,127.79999999999995,3139,11.8584,11858.4,,,,,2014-02-17 06:40:36,Australia/Melbourne
