timestamp,position_lat,position_long,distance,enhanced_altitude,altitude,enhanced_speed,speed,heart_rate,cadence,fractional_cadence,temperature,timestamp_utc,timezone
2017-10-15 07:02:10+11:00,-37.820758279412985,144.97612447477877,0.0,40.60000000000002,2703,5.2416,5241.6,,59,0.0,20,2017-10-14 20:02:10,Australia/Melbourne
2017-10-15 07:02:13+11:00,-37.820688374340534,144.97611408121884,0.007809999999999999,42.39999999999998,2712,9.370800000000001,9370.800000000001,,59,0.0,20,2017-10-14 20:02:13,Australia/Melbourne
2017-10-15 07:02:14+11:00,-37.82066465355456,144.9761089682579,0.01046,41.39999999999998,2707,9.5076,9507.6,,59,0.0,20,2017-10-14 20:02:14,Australia/Melbourne
2017-10-15 07:02:21+11:00,-37.8204794973135,144.9761456809938,0.03131,41.0,2705,10.850399999999999,10850.4,,85,0.5,20,2017-10-14 20:02:21,Australia/Melbourne
2017-10-15 07:02:29+11:00,-37.820297526195645,144.97615842148662,0.05155,41.799999999999955,2709,9.270000000000001,9270.0,,84,0.0,20,2017-10-14 20:02:29,Australia/Melbourne
2017-10-15 07:02:36+11:00,-37.82010759226978,144.9761586729437,0.07267,41.799999999999955,2709,9.9756,9975.6,,84,0.5,20,2017-10-14 20:02:36,Australia/Melbourne
2017-10-15 07:02:44+11:00,-37.81991514377296,144.9761580862105,0.09401999999999999,41.60000000000002,2708,9.8424,9842.4,,83,0.0,20,2017-10-14 20:02:44,Australia/Melbourne
2017-10-15 07:02:52+11:00,-37.81972956843674,144.97614827938378,0.11470999999999999,41.60000000000002,2708,9.6408,9640.800000000001,,81,0.0,20,2017-10-14 20:02:52,Australia/Melbourne
2017-10-15 07:03:00+11:00,-37.8195296600461,144.97612464241683,0.13704,41.799999999999955,2709,9.709200000000001,9709.2,,84,0.0,20,2017-10-14 20:03:00,Australia/Melbourne
2017-10-15 07:03:08+11:00,-37.819336373358965,144.97604568488896,0.15965000000000001,42.200000000000045,2711,10.0764,10076.4,,84,0.0,20,2017-10-14 20:03:08,Australia/Melbourne
2017-10-15 07:03:13+11:00,-37.81922162510455,144.97599866241217,0.17304,42.39999999999998,2712,9.9756,9975.6,,84,0.0,20,2017-10-14 20:03:13,Australia/Melbourne
2017-10-15 07:03:20+11:00,-37.81904987990856,144.97592691332102,0.19312,42.39999999999998,2712,10.112400000000001,10112.4,,84,0.0,20,2017-10-14 20:03:20,Australia/Melbourne
2017-10-15 07:03:28+11:00,-37.81886707060039,144.97582498937845,0.21539,42.200000000000045,2711,10.112400000000001,10112.4,,84,0.0,19,2017-10-14 20:03:28,Australia/Melbourne
2017-10-15 07:03:36+11:00,-37.818695828318596,144.97568593360484,0.23806,42.0,2710,10.112400000000001,10112.4,,83,0.0,19,2017-10-14 20:03:36,Australia/Melbourne
2017-10-15 07:03:44+11:00,-37.818548642098904,144.97552106156945,0.25993,41.799999999999955,2709,10.112400000000001,10112.4,,84,0.5,19,2017-10-14 20:03:44,Australia/Melbourne
2017-10-15 07:03:52+11:00,-37.81838955357671,144.97538158670068,0.28145,41.60000000000002,2708,10.044,10044.0,,84,0.0,19,2017-10-14 20:03:52,Australia/Melbourne
2017-10-15 07:03:54+11:00,-37.8183504100889,144.97534579597414,0.28683,41.39999999999998,2707,10.011600000000001,10011.6,,85,0.5,19,2017-10-14 20:03:54,Australia/Melbourne
2017-10-15 07:04:01+11:00,-37.81823071651161,144.97516692616045,0.30757999999999996,41.799999999999955,2709,10.044,10044.0,,85,0.5,19,2017-10-14 20:04:01,Australia/Melbourne
2017-10-15 07:04:09+11:00,-37.81809836626053,144.97497137635946,0.33023,42.0,2710,10.112400000000001,10112.4,,85,0.0,19,2017-10-14 20:04:09,Australia/Melbourne
2017-10-15 07:04:12+11:00,-37.818053271621466,144.97490155510604,0.33814999999999995,42.60000000000002,2713,10.044,10044.0,,84,0.0,19,2017-10-14 20:04:12,Australia/Melbourne
2017-10-15 07:04:20+11:00,-37.81793475151062,144.97470709495246,0.35974,43.60000000000002,2718,9.8424,9842.4,,83,0.0,19,2017-10-14 20:04:20,Australia/Melbourne
2017-10-15 07:04:28+11:00,-37.817829893901944,144.9745071027428,0.38089999999999996,44.60000000000002,2723,9.774,9774.0,,83,0.0,19,2017-10-14 20:04:28,Australia/Melbourne
2017-10-15 07:04:30+11:00,-37.81780424527824,144.97445538640022,0.38626,44.799999999999955,2724,9.7416,9741.6,,83,0.0,19,2017-10-14 20:04:30,Australia/Melbourne
2017-10-15 07:04:38+11:00,-37.817706260830164,144.97425229288638,0.4072,46.0,2730,9.7416,9741.6,,83,0.0,19,2017-10-14 20:04:38,Australia/Melbourne
2017-10-15 07:04:45+11:00,-37.81761456280947,144.97409043833613,0.42473,47.0,2735,9.6408,9640.800000000001,,84,0.0,19,2017-10-14 20:04:45,Australia/Melbourne
2017-10-15 07:04:52+11:00,-37.81751406379044,144.97393931262195,0.44214,48.0,2740,9.5076,9507.6,,82,0.0,19,2017-10-14 20:04:52,Australia/Melbourne
2017-10-15 07:05:00+11:00,-37.81741054728627,144.97374057769775,0.46316,49.0,2745,9.4392,9439.2,,83,0.0,19,2017-10-14 20:05:00,Australia/Melbourne
2017-10-15 07:05:02+11:00,-37.81738012097776,144.9736904539168,0.46872,49.200000000000045,2746,9.471599999999999,9471.6,,84,0.0,19,2017-10-14 20:05:02,Australia/Melbourne
2017-10-15 07:05:10+11:00,-37.8172692283988,144.97347344644368,0.49149,50.39999999999998,2752,9.6732,9673.2,,83,0.0,19,2017-10-14 20:05:10,Australia/Melbourne
2017-10-15 07:05:17+11:00,-37.8171518817544,144.9732932355255,0.51202,50.60000000000002,2753,9.8424,9842.4,,82,0.0,19,2017-10-14 20:05:17,Australia/Melbourne
2017-10-15 07:05:24+11:00,-37.817034451290965,144.97311310842633,0.53261,51.39999999999998,2757,10.044,10044.0,,85,0.0,19,2017-10-14 20:05:24,Australia/Melbourne
2017-10-15 07:05:31+11:00,-37.81691316515207,144.97295544482768,0.5519400000000001,51.39999999999998,2757,9.943200000000001,9943.2,,84,0.0,19,2017-10-14 20:05:31,Australia/Melbourne
2017-10-15 07:05:39+11:00,-37.81676103360951,144.9727839510888,0.57462,51.60000000000002,2758,10.0764,10076.4,,85,0.0,19,2017-10-14 20:05:39,Australia/Melbourne
2017-10-15 07:05:46+11:00,-37.816609824076295,144.9726539477706,0.59492,51.799999999999955,2759,10.112400000000001,10112.4,,84,0.5,19,2017-10-14 20:05:46,Australia/Melbourne
2017-10-15 07:05:54+11:00,-37.81643967144191,144.972514975816,0.61741,52.0,2760,10.1448,10144.800000000001,,84,0.5,19,2017-10-14 20:05:54,Australia/Melbourne
2017-10-15 07:06:02+11:00,-37.816268345341086,144.9723793566227,0.63985,51.799999999999955,2759,10.1448,10144.800000000001,,85,0.5,19,2017-10-14 20:06:02,Australia/Melbourne
2017-10-15 07:06:10+11:00,-37.81613272614777,144.97221716679633,0.66115,51.39999999999998,2757,10.112400000000001,10112.4,,84,0.0,19,2017-10-14 20:06:10,Australia/Melbourne
2017-10-15 07:06:18+11:00,-37.81616382300854,144.97199001722038,0.68171,51.0,2755,9.943200000000001,9943.2,,84,0.0,19,2017-10-14 20:06:18,Australia/Melbourne
2017-10-15 07:06:26+11:00,-37.81624210998416,144.97176638804376,0.70352,51.0,2755,9.9108,9910.800000000001,,84,0.0,18,2017-10-14 20:06:26,Australia/Melbourne
2017-10-15 07:06:33+11:00,-37.81631335616112,144.97154745273292,0.72463,50.60000000000002,2753,9.9756,9975.6,,85,0.5,18,2017-10-14 20:06:33,Australia/Melbourne
2017-10-15 07:06:39+11:00,-37.81633481383324,144.97136774472892,0.7416200000000001,50.39999999999998,2752,10.011600000000001,10011.6,,85,0.5,18,2017-10-14 20:06:39,Australia/Melbourne
2017-10-15 07:06:46+11:00,-37.816364569589496,144.9711448699236,0.76164,50.0,2750,10.011600000000001,10011.6,,85,0.5,18,2017-10-14 20:06:46,Australia/Melbourne
2017-10-15 07:06:54+11:00,-37.816414861008525,144.97090187855065,0.78404,49.799999999999955,2749,9.9756,9975.6,,86,0.5,18,2017-10-14 20:06:54,Australia/Melbourne
2017-10-15 07:07:00+11:00,-37.81654017046094,144.97071973979473,0.80498,49.39999999999998,2747,10.1448,10144.800000000001,,86,0.5,18,2017-10-14 20:07:00,Australia/Melbourne
2017-10-15 07:07:04+11:00,-37.816572692245245,144.97059635818005,0.81649,49.39999999999998,2747,10.2132,10213.2,,85,0.5,18,2017-10-14 20:07:04,Australia/Melbourne
2017-10-15 07:07:12+11:00,-37.81663320958614,144.97035185806453,0.83916,49.200000000000045,2746,10.0764,10076.4,,85,0.5,18,2017-10-14 20:07:12,Australia/Melbourne
2017-10-15 07:07:18+11:00,-37.81674158759415,144.97016720473766,0.85953,49.200000000000045,2746,10.346400000000001,10346.4,,85,0.5,18,2017-10-14 20:07:18,Australia/Melbourne
2017-10-15 07:07:25+11:00,-37.81680931337178,144.96994156390429,0.88102,48.60000000000002,2743,10.580400000000001,10580.4,,86,0.5,18,2017-10-14 20:07:25,Australia/Melbourne
2017-10-15 07:07:32+11:00,-37.81688089482486,144.96971215121448,0.9028099999999999,48.39999999999998,2742,10.7136,10713.6,,85,0.5,18,2017-10-14 20:07:32,Australia/Melbourne
2017-10-15 07:07:39+11:00,-37.8169618640095,144.96949321590364,0.92428,48.200000000000045,2741,10.749600000000001,10749.6,,84,0.5,18,2017-10-14 20:07:39,Australia/Melbourne
2017-10-15 07:07:47+11:00,-37.81702531501651,144.96927101165056,0.94524,47.60000000000002,2738,10.4472,10447.2,,84,0.0,18,2017-10-14 20:07:47,Australia/Melbourne
2017-10-15 07:07:55+11:00,-37.81709865666926,144.96903212741017,0.96825,47.60000000000002,2738,10.314000000000002,10314.0,,85,0.5,18,2017-10-14 20:07:55,Australia/Melbourne
2017-10-15 07:07:56+11:00,-37.81710938550532,144.96900086291134,0.97122,47.60000000000002,2738,10.346400000000001,10346.4,,85,0.5,18,2017-10-14 20:07:56,Australia/Melbourne
2017-10-15 07:07:57+11:00,-37.817117013037205,144.96896540746093,0.97445,47.60000000000002,2738,10.346400000000001,10346.4,,84,0.5,18,2017-10-14 20:07:57,Australia/Melbourne
2017-10-15 07:08:01+11:00,-37.81717794947326,144.96884286403656,0.98729,47.39999999999998,2737,10.4472,10447.2,,86,0.5,18,2017-10-14 20:08:01,Australia/Melbourne
2017-10-15 07:08:06+11:00,-37.8172382991761,144.96867631562054,1.00349,47.200000000000045,2736,10.5156,10515.6,,86,0.5,18,2017-10-14 20:08:06,Australia/Melbourne
2017-10-15 07:08:12+11:00,-37.817339384928346,144.96847900561988,1.0246099999999998,47.0,2735,10.782,10782.0,,85,0.5,18,2017-10-14 20:08:12,Australia/Melbourne
2017-10-15 07:08:20+11:00,-37.817404763773084,144.96824506670237,1.0463900000000002,46.39999999999998,2732,10.4148,10414.800000000001,,85,0.5,18,2017-10-14 20:08:20,Australia/Melbourne
2017-10-15 07:08:24+11:00,-37.81746678985655,144.96813316829503,1.0586,46.200000000000045,2731,10.548,10548.0,,85,0.5,18,2017-10-14 20:08:24,Australia/Melbourne
2017-10-15 07:08:31+11:00,-37.817511800676584,144.967903168872,1.0795,45.799999999999955,2729,10.548,10548.0,,86,0.5,18,2017-10-14 20:08:31,Australia/Melbourne
2017-10-15 07:08:37+11:00,-37.8176077734679,144.9677007459104,1.1003900000000002,45.39999999999998,2727,10.850399999999999,10850.4,,85,0.5,18,2017-10-14 20:08:37,Australia/Melbourne
2017-10-15 07:08:46+11:00,-37.81774171628058,144.96761659160256,1.12144,45.39999999999998,2727,10.4472,10447.2,,84,0.0,18,2017-10-14 20:08:46,Australia/Melbourne
2017-10-15 07:08:48+11:00,-37.817764012143016,144.96765640564263,1.12577,45.39999999999998,2727,10.278,10278.0,,84,0.0,18,2017-10-14 20:08:48,Australia/Melbourne
2017-10-15 07:08:57+11:00,-37.81789334490895,144.96783485636115,1.14728,46.200000000000045,2731,9.370800000000001,9370.800000000001,,84,0.5,18,2017-10-14 20:08:57,Australia/Melbourne
2017-10-15 07:09:07+11:00,-37.81807070598006,144.96788984164596,1.16771,46.799999999999955,2734,7.2540000000000004,7254.0,,81,0.0,18,2017-10-14 20:09:07,Australia/Melbourne
2017-10-15 07:09:16+11:00,-37.81821529380977,144.96795211918652,1.1849,47.200000000000045,2736,7.2540000000000004,7254.0,,79,0.0,18,2017-10-14 20:09:16,Australia/Melbourne
2017-10-15 07:09:25+11:00,-37.81838930211961,144.96803543530405,1.20557,47.39999999999998,2737,7.8588,7858.8,,80,0.0,18,2017-10-14 20:09:25,Australia/Melbourne
2017-10-15 07:09:36+11:00,-37.81854880973697,144.96816619299352,1.22684,47.60000000000002,2738,7.7256,7725.6,,81,0.0,18,2017-10-14 20:09:36,Australia/Melbourne
2017-10-15 07:09:45+11:00,-37.818750562146306,144.96819938533008,1.24946,47.200000000000045,2736,10.011600000000001,10011.6,,86,0.5,18,2017-10-14 20:09:45,Australia/Melbourne
2017-10-15 07:09:52+11:00,-37.81893705949187,144.96823945082724,1.27045,47.200000000000045,2736,10.5156,10515.6,,84,0.5,18,2017-10-14 20:09:52,Australia/Melbourne
2017-10-15 07:10:00+11:00,-37.81911777332425,144.9682816118002,1.29084,47.200000000000045,2736,9.54,9540.0,,84,0.0,18,2017-10-14 20:10:00,Australia/Melbourne
2017-10-15 07:10:08+11:00,-37.81930762343109,144.96834489516914,1.31264,47.39999999999998,2737,9.6408,9640.800000000001,,84,0.5,18,2017-10-14 20:10:08,Australia/Melbourne
2017-10-15 07:10:15+11:00,-37.81949412077665,144.96842628344893,1.33454,47.60000000000002,2738,9.9108,9910.800000000001,,84,0.5,18,2017-10-14 20:10:15,Australia/Melbourne
2017-10-15 07:10:22+11:00,-37.81967282295227,144.9684991221875,1.3554300000000001,47.200000000000045,2736,10.112400000000001,10112.4,,84,0.5,18,2017-10-14 20:10:22,Australia/Melbourne
2017-10-15 07:10:29+11:00,-37.81984984874725,144.96857916936278,1.37634,47.200000000000045,2736,10.245600000000001,10245.6,,86,0.5,18,2017-10-14 20:10:29,Australia/Melbourne
2017-10-15 07:10:37+11:00,-37.82003374770284,144.96864194981754,1.39748,46.799999999999955,2734,10.1448,10144.800000000001,,86,0.5,18,2017-10-14 20:10:37,Australia/Melbourne
2017-10-15 07:10:45+11:00,-37.82023457810283,144.96865519322455,1.41981,46.60000000000002,2733,10.112400000000001,10112.4,,85,0.5,18,2017-10-14 20:10:45,Australia/Melbourne
2017-10-15 07:10:52+11:00,-37.82042920589447,144.96872199699283,1.44222,46.39999999999998,2732,10.245600000000001,10245.6,,86,0.5,18,2017-10-14 20:10:52,Australia/Melbourne
2017-10-15 07:10:55+11:00,-37.82051956281066,144.96875963173807,1.45279,46.200000000000045,2731,10.4148,10414.800000000001,,86,0.5,18,2017-10-14 20:10:55,Australia/Melbourne
2017-10-15 07:11:02+11:00,-37.82071502879262,144.96883456595242,1.47549,46.200000000000045,2731,10.9512,10951.2,,85,0.5,18,2017-10-14 20:11:02,Australia/Melbourne
2017-10-15 07:11:10+11:00,-37.82091066241264,144.96889919042587,1.4981,46.200000000000045,2731,10.2132,10213.2,,86,0.5,18,2017-10-14 20:11:10,Australia/Melbourne
2017-10-15 07:11:17+11:00,-37.82108458690345,144.9689719453454,1.51844,46.0,2730,10.346400000000001,10346.4,,87,0.5,18,2017-10-14 20:11:17,Australia/Melbourne
2017-10-15 07:11:25+11:00,-37.82125758938491,144.96906640939415,1.53946,45.39999999999998,2727,10.177200000000001,10177.2,,85,0.5,18,2017-10-14 20:11:25,Australia/Melbourne
2017-10-15 07:11:33+11:00,-37.821415001526475,144.9691894557327,1.55998,45.39999999999998,2727,10.011600000000001,10011.6,,85,0.0,18,2017-10-14 20:11:33,Australia/Melbourne
2017-10-15 07:11:37+11:00,-37.821478033438325,144.96923262253404,1.56796,45.200000000000045,2726,9.774,9774.0,,84,0.0,18,2017-10-14 20:11:37,Australia/Melbourne
2017-10-15 07:11:44+11:00,-37.821663776412606,144.96928601525724,1.5891300000000002,44.799999999999955,2724,9.9108,9910.800000000001,,86,0.5,18,2017-10-14 20:11:44,Australia/Melbourne
2017-10-15 07:11:46+11:00,-37.82171331346035,144.96930453926325,1.59483,44.799999999999955,2724,9.8748,9874.800000000001,,86,0.5,18,2017-10-14 20:11:46,Australia/Melbourne
2017-10-15 07:11:52+11:00,-37.821889501065016,144.9693707562983,1.61522,44.799999999999955,2724,10.112400000000001,10112.4,,85,0.5,18,2017-10-14 20:11:52,Australia/Melbourne
2017-10-15 07:11:59+11:00,-37.82205588184297,144.9694592691958,1.63526,44.60000000000002,2723,9.8748,9874.800000000001,,87,0.5,18,2017-10-14 20:11:59,Australia/Melbourne
2017-10-15 07:12:07+11:00,-37.82224489375949,144.96954476460814,1.6576600000000001,44.799999999999955,2724,9.774,9774.0,,84,0.0,18,2017-10-14 20:12:07,Australia/Melbourne
2017-10-15 07:12:14+11:00,-37.822415716946125,144.9696339480579,1.67827,44.799999999999955,2724,9.943200000000001,9943.2,,85,0.0,17,2017-10-14 20:12:14,Australia/Melbourne
2017-10-15 07:12:21+11:00,-37.82259768806398,144.96969404630363,1.69916,44.39999999999998,2722,10.1448,10144.800000000001,,87,0.5,17,2017-10-14 20:12:21,Australia/Melbourne
2017-10-15 07:12:28+11:00,-37.8227901365608,144.96975783258677,1.72123,44.39999999999998,2722,10.278,10278.0,,86,0.5,17,2017-10-14 20:12:28,Australia/Melbourne
2017-10-15 07:12:31+11:00,-37.82287831418216,144.9697925336659,1.73147,44.200000000000045,2721,10.3788,10378.800000000001,,86,0.5,17,2017-10-14 20:12:31,Australia/Melbourne
2017-10-15 07:12:38+11:00,-37.82306581735611,144.96988976374269,1.75404,44.200000000000045,2721,10.782,10782.0,,86,0.5,17,2017-10-14 20:12:38,Australia/Melbourne
2017-10-15 07:12:46+11:00,-37.82325508072972,144.9699902627617,1.77684,44.200000000000045,2721,10.782,10782.0,,86,0.5,17,2017-10-14 20:12:46,Australia/Melbourne
2017-10-15 07:12:53+11:00,-37.823430094867945,144.97007148340344,1.79756,44.0,2720,10.814400000000001,10814.4,,84,0.5,17,2017-10-14 20:12:53,Australia/Melbourne
2017-10-15 07:13:01+11:00,-37.82362690195441,144.9701353535056,1.8202,44.0,2720,10.7136,10713.6,,85,0.5,17,2017-10-14 20:13:01,Australia/Melbourne
2017-10-15 07:13:08+11:00,-37.82380275428295,144.97020676732063,1.8407,44.0,2720,10.6812,10681.2,,85,0.5,17,2017-10-14 20:13:08,Australia/Melbourne
2017-10-15 07:13:16+11:00,-37.823970559984446,144.97029938735068,1.86099,44.39999999999998,2722,10.4472,10447.2,,85,0.5,17,2017-10-14 20:13:16,Australia/Melbourne
2017-10-15 07:13:23+11:00,-37.824141047894955,144.97037641704082,1.88118,44.60000000000002,2723,10.4148,10414.800000000001,,85,0.5,17,2017-10-14 20:13:23,Australia/Melbourne
2017-10-15 07:13:29+11:00,-37.82433232292533,144.97042939066887,1.90301,44.799999999999955,2724,10.4472,10447.2,,86,0.5,17,2017-10-14 20:13:29,Australia/Melbourne
2017-10-15 07:13:35+11:00,-37.824511444196105,144.97049854137003,1.9238499999999998,44.60000000000002,2723,11.016,11016.0,,85,0.5,17,2017-10-14 20:13:35,Australia/Melbourne
2017-10-15 07:13:42+11:00,-37.82469651661813,144.97056945227087,1.94532,44.799999999999955,2724,11.052,11052.0,,86,0.5,17,2017-10-14 20:13:42,Australia/Melbourne
2017-10-15 07:13:49+11:00,-37.82489323988557,144.97063952498138,1.96804,45.0,2725,11.3184,11318.4,,85,0.5,17,2017-10-14 20:13:49,Australia/Melbourne
2017-10-15 07:13:55+11:00,-37.825061129406095,144.97072904370725,1.9883,45.0,2725,11.721599999999999,11721.6,,87,0.5,17,2017-10-14 20:13:55,Australia/Melbourne
2017-10-15 07:14:00+11:00,-37.82518459483981,144.9707801733166,2.00272,45.200000000000045,2726,11.286,11286.0,,85,0.5,17,2017-10-14 20:14:00,Australia/Melbourne
2017-10-15 07:14:08+11:00,-37.82536539249122,144.9708306323737,2.02342,45.200000000000045,2726,10.782,10782.0,,86,0.5,17,2017-10-14 20:14:08,Australia/Melbourne
2017-10-15 07:14:16+11:00,-37.82555054873228,144.97087673284113,2.0443800000000003,45.60000000000002,2728,10.4472,10447.2,,86,0.5,17,2017-10-14 20:14:16,Australia/Melbourne
2017-10-15 07:14:21+11:00,-37.8256927896291,144.97091872617602,2.06073,45.60000000000002,2728,10.5156,10515.6,,84,0.5,17,2017-10-14 20:14:21,Australia/Melbourne
2017-10-15 07:14:28+11:00,-37.82586855813861,144.97100723907351,2.08183,45.799999999999955,2729,10.6128,10612.800000000001,,86,0.5,17,2017-10-14 20:14:28,Australia/Melbourne
2017-10-15 07:14:35+11:00,-37.82605228945613,144.97109726071358,2.1038699999999997,45.799999999999955,2729,10.782,10782.0,,85,0.5,17,2017-10-14 20:14:35,Australia/Melbourne
2017-10-15 07:14:42+11:00,-37.82623258419335,144.97114721685648,2.1244099999999997,46.0,2730,10.814400000000001,10814.4,,86,0.5,17,2017-10-14 20:14:42,Australia/Melbourne
2017-10-15 07:14:49+11:00,-37.82641095109284,144.9711686745286,2.14429,46.39999999999998,2732,10.782,10782.0,,85,0.5,17,2017-10-14 20:14:49,Australia/Melbourne
2017-10-15 07:14:57+11:00,-37.826614882797,144.97118175029755,2.16702,46.60000000000002,2733,10.648800000000001,10648.800000000001,,86,0.5,17,2017-10-14 20:14:57,Australia/Melbourne
2017-10-15 07:15:04+11:00,-37.826800206676126,144.97120362706482,2.18768,46.60000000000002,2733,10.7136,10713.6,,87,0.5,17,2017-10-14 20:15:04,Australia/Melbourne
2017-10-15 07:15:11+11:00,-37.826991733163595,144.97122818604112,2.2090300000000003,46.60000000000002,2733,10.814400000000001,10814.4,,86,0.5,17,2017-10-14 20:15:11,Australia/Melbourne
2017-10-15 07:15:18+11:00,-37.827177895233035,144.971230532974,2.2297399999999996,46.799999999999955,2734,10.814400000000001,10814.4,,85,0.5,17,2017-10-14 20:15:18,Australia/Melbourne
2017-10-15 07:15:26+11:00,-37.82738392241299,144.97123338282108,2.25264,47.0,2735,10.749600000000001,10749.6,,85,0.5,17,2017-10-14 20:15:26,Australia/Melbourne
2017-10-15 07:15:34+11:00,-37.827578047290444,144.97120907530189,2.27435,47.0,2735,10.580400000000001,10580.4,,86,0.5,17,2017-10-14 20:15:34,Australia/Melbourne
2017-10-15 07:15:42+11:00,-37.8277753572911,144.97119021601975,2.2963400000000003,47.200000000000045,2736,10.3788,10378.800000000001,,86,0.5,17,2017-10-14 20:15:42,Australia/Melbourne
2017-10-15 07:15:50+11:00,-37.82797769643366,144.97117328457534,2.3188899999999997,47.200000000000045,2736,10.314000000000002,10314.0,,85,0.5,17,2017-10-14 20:15:50,Australia/Melbourne
2017-10-15 07:15:57+11:00,-37.8281709831208,144.97116993181407,2.34035,47.0,2735,10.3788,10378.800000000001,,86,0.5,17,2017-10-14 20:15:57,Australia/Melbourne
2017-10-15 07:16:04+11:00,-37.828367203474045,144.97116590850055,2.36213,47.200000000000045,2736,10.5156,10515.6,,87,0.5,17,2017-10-14 20:16:04,Australia/Melbourne
2017-10-15 07:16:05+11:00,-37.8283937741071,144.9711665790528,2.36508,47.39999999999998,2737,10.5156,10515.6,,85,0.5,17,2017-10-14 20:16:05,Australia/Melbourne
2017-10-15 07:16:12+11:00,-37.82859217375517,144.97114051133394,2.38721,47.200000000000045,2736,10.6128,10612.800000000001,,86,0.5,17,2017-10-14 20:16:12,Australia/Melbourne
2017-10-15 07:16:19+11:00,-37.828773222863674,144.97111670672894,2.40747,47.200000000000045,2736,10.580400000000001,10580.4,,87,0.5,17,2017-10-14 20:16:19,Australia/Melbourne
2017-10-15 07:16:26+11:00,-37.82896114513278,144.97110455296934,2.4283699999999997,47.39999999999998,2737,10.6128,10612.800000000001,,86,0.5,17,2017-10-14 20:16:26,Australia/Melbourne
2017-10-15 07:16:34+11:00,-37.82915920950472,144.9710925668478,2.4504699999999997,47.39999999999998,2737,10.5156,10515.6,,86,0.5,17,2017-10-14 20:16:34,Australia/Melbourne
2017-10-15 07:16:40+11:00,-37.829340510070324,144.97107421047986,2.4706799999999998,47.39999999999998,2737,10.648800000000001,10648.800000000001,,86,0.5,17,2017-10-14 20:16:40,Australia/Melbourne
2017-10-15 07:16:47+11:00,-37.82952541485429,144.9710841011256,2.49124,47.200000000000045,2736,10.6128,10612.800000000001,,86,0.5,17,2017-10-14 20:16:47,Australia/Melbourne
2017-10-15 07:16:55+11:00,-37.82971476204693,144.97111276723444,2.5124400000000002,47.200000000000045,2736,10.5156,10515.6,,87,0.5,17,2017-10-14 20:16:55,Australia/Melbourne
2017-10-15 07:17:02+11:00,-37.82991240732372,144.9711570236832,2.5348,47.39999999999998,2737,10.6128,10612.800000000001,,86,0.5,17,2017-10-14 20:17:02,Australia/Melbourne
2017-10-15 07:17:09+11:00,-37.8301206137985,144.97115668840706,2.55795,47.39999999999998,2737,10.814400000000001,10814.4,,86,0.5,17,2017-10-14 20:17:09,Australia/Melbourne
2017-10-15 07:17:17+11:00,-37.830327060073614,144.97116406448185,2.5808899999999997,47.39999999999998,2737,10.782,10782.0,,85,0.5,17,2017-10-14 20:17:17,Australia/Melbourne
2017-10-15 07:17:25+11:00,-37.83053015358746,144.9711528327316,2.6034699999999997,47.39999999999998,2737,10.7136,10713.6,,86,0.5,17,2017-10-14 20:17:25,Australia/Melbourne
2017-10-15 07:17:32+11:00,-37.83071547746658,144.97114721685648,2.62406,47.200000000000045,2736,10.749600000000001,10749.6,,86,0.5,17,2017-10-14 20:17:32,Australia/Melbourne
2017-10-15 07:17:39+11:00,-37.830911949276924,144.97116222046316,2.64594,47.200000000000045,2736,10.782,10782.0,,85,0.5,17,2017-10-14 20:17:39,Australia/Melbourne
2017-10-15 07:17:46+11:00,-37.83111093565822,144.97119583189487,2.66822,47.200000000000045,2736,10.9152,10915.2,,87,0.5,17,2017-10-14 20:17:46,Australia/Melbourne
2017-10-15 07:17:53+11:00,-37.831291649490595,144.97124880552292,2.6888,46.799999999999955,2734,10.9152,10915.2,,85,0.5,17,2017-10-14 20:17:53,Australia/Melbourne
2017-10-15 07:17:59+11:00,-37.83145258203149,144.97129172086716,2.70708,46.200000000000045,2731,10.9512,10951.2,,86,0.5,17,2017-10-14 20:17:59,Australia/Melbourne
2017-10-15 07:18:06+11:00,-37.83162332139909,144.97137361206114,2.72736,46.200000000000045,2731,10.882800000000001,10882.800000000001,,86,0.5,17,2017-10-14 20:18:06,Australia/Melbourne
2017-10-15 07:18:13+11:00,-37.831811076030135,144.9714237358421,2.7487199999999996,45.799999999999955,2729,10.882800000000001,10882.800000000001,,86,0.5,17,2017-10-14 20:18:13,Australia/Melbourne
2017-10-15 07:18:20+11:00,-37.83199246041477,144.9714845046401,2.7696,45.39999999999998,2727,10.9152,10915.2,,87,0.5,17,2017-10-14 20:18:20,Australia/Melbourne
2017-10-15 07:18:27+11:00,-37.83217275515199,144.97155072167516,2.79046,45.39999999999998,2727,10.882800000000001,10882.800000000001,,85,0.5,17,2017-10-14 20:18:27,Australia/Melbourne
2017-10-15 07:18:29+11:00,-37.832223968580365,144.97157871723175,2.79667,45.200000000000045,2726,10.9152,10915.2,,85,0.5,17,2017-10-14 20:18:29,Australia/Melbourne
2017-10-15 07:18:36+11:00,-37.832406191155314,144.97167971916497,2.81886,45.0,2725,11.052,11052.0,,87,0.5,17,2017-10-14 20:18:36,Australia/Melbourne
2017-10-15 07:18:43+11:00,-37.832584138959646,144.97177686542273,2.84043,44.60000000000002,2723,11.0844,11084.4,,87,0.5,17,2017-10-14 20:18:43,Australia/Melbourne
2017-10-15 07:18:50+11:00,-37.83274666406214,144.97190385125577,2.8616599999999996,44.60000000000002,2723,10.983600000000001,10983.6,,87,0.5,17,2017-10-14 20:18:50,Australia/Melbourne
2017-10-15 07:18:57+11:00,-37.832901142537594,144.9720387160778,2.8825100000000003,44.60000000000002,2723,10.9512,10951.2,,86,0.5,17,2017-10-14 20:18:57,Australia/Melbourne
2017-10-15 07:19:03+11:00,-37.833031229674816,144.97215413488448,2.9001900000000003,44.200000000000045,2721,10.983600000000001,10983.6,,87,0.5,17,2017-10-14 20:19:03,Australia/Melbourne
2017-10-15 07:19:11+11:00,-37.83318713307381,144.9723000638187,2.9218,44.39999999999998,2722,10.749600000000001,10749.6,,87,0.5,17,2017-10-14 20:19:11,Australia/Melbourne
2017-10-15 07:19:18+11:00,-37.83331856131554,144.9724618345499,2.9422800000000002,44.60000000000002,2723,10.6812,10681.2,,87,0.5,17,2017-10-14 20:19:18,Australia/Melbourne
2017-10-15 07:19:25+11:00,-37.833449905738235,144.972652355209,2.96448,44.200000000000045,2721,10.749600000000001,10749.6,,87,0.5,17,2017-10-14 20:19:25,Australia/Melbourne
2017-10-15 07:19:32+11:00,-37.833563229069114,144.97286190278828,2.98683,44.200000000000045,2721,10.850399999999999,10850.4,,86,0.5,17,2017-10-14 20:19:32,Australia/Melbourne
2017-10-15 07:19:37+11:00,-37.83365593291819,144.97298050671816,3.00158,43.799999999999955,2719,10.882800000000001,10882.800000000001,,86,0.5,17,2017-10-14 20:19:37,Australia/Melbourne
2017-10-15 07:19:46+11:00,-37.83376833423972,144.97318502515554,3.02361,44.200000000000045,2721,10.4472,10447.2,,84,0.5,17,2017-10-14 20:19:46,Australia/Melbourne
2017-10-15 07:19:53+11:00,-37.83389523625374,144.97336389496922,3.0447800000000003,44.0,2720,10.6128,10612.800000000001,,84,0.5,17,2017-10-14 20:19:53,Australia/Melbourne
2017-10-15 07:20:00+11:00,-37.834000680595636,144.97355634346604,3.06544,44.0,2720,10.580400000000001,10580.4,,86,0.5,17,2017-10-14 20:20:00,Australia/Melbourne
2017-10-15 07:20:07+11:00,-37.834114003926516,144.97374854050577,3.08651,44.0,2720,10.6812,10681.2,,86,0.5,17,2017-10-14 20:20:07,Australia/Melbourne
2017-10-15 07:20:14+11:00,-37.834243420511484,144.9739166814834,3.10722,44.0,2720,10.648800000000001,10648.800000000001,,85,0.5,17,2017-10-14 20:20:14,Australia/Melbourne
2017-10-15 07:20:22+11:00,-37.83438884653151,144.97408725321293,3.12936,45.0,2725,10.580400000000001,10580.4,,86,0.5,17,2017-10-14 20:20:22,Australia/Melbourne
2017-10-15 07:20:29+11:00,-37.83453745767474,144.97421440668404,3.14941,45.0,2725,10.4472,10447.2,,86,0.5,17,2017-10-14 20:20:29,Australia/Melbourne
2017-10-15 07:20:33+11:00,-37.83462127670646,144.9743136484176,3.1621599999999996,45.200000000000045,2726,10.4796,10479.6,,85,0.5,17,2017-10-14 20:20:33,Australia/Melbourne
2017-10-15 07:20:40+11:00,-37.834775084629655,144.97444247826934,3.1826999999999996,45.39999999999998,2727,10.5156,10515.6,,87,0.5,17,2017-10-14 20:20:40,Australia/Melbourne
2017-10-15 07:20:47+11:00,-37.834937358275056,144.97456359677017,3.20364,45.39999999999998,2727,10.580400000000001,10580.4,,86,0.5,17,2017-10-14 20:20:47,Australia/Melbourne
2017-10-15 07:20:55+11:00,-37.83512528054416,144.974682116881,3.22699,45.39999999999998,2727,10.4796,10479.6,,87,0.5,17,2017-10-14 20:20:55,Australia/Melbourne
2017-10-15 07:21:02+11:00,-37.83530498854816,144.97476342134178,3.2481799999999996,45.39999999999998,2727,10.548,10548.0,,86,0.5,17,2017-10-14 20:21:02,Australia/Melbourne
2017-10-15 07:21:09+11:00,-37.83547882921994,144.97483952902257,3.26865,45.60000000000002,2728,10.4796,10479.6,,87,0.5,17,2017-10-14 20:21:09,Australia/Melbourne
2017-10-15 07:21:16+11:00,-37.835655603557825,144.97494656592607,3.29061,45.60000000000002,2728,10.580400000000001,10580.4,,85,0.5,17,2017-10-14 20:21:16,Australia/Melbourne
2017-10-15 07:21:22+11:00,-37.835799269378185,144.97507212683558,3.31075,45.39999999999998,2727,10.648800000000001,10648.800000000001,,86,0.5,17,2017-10-14 20:21:22,Australia/Melbourne
2017-10-15 07:21:29+11:00,-37.83596313558519,144.97520707547665,3.33243,45.200000000000045,2726,10.782,10782.0,,86,0.5,17,2017-10-14 20:21:29,Australia/Melbourne
2017-10-15 07:21:36+11:00,-37.83613764680922,144.97533163055778,3.3547,44.799999999999955,2724,10.850399999999999,10850.4,,86,0.5,17,2017-10-14 20:21:36,Australia/Melbourne
2017-10-15 07:21:43+11:00,-37.836323054507375,144.97535166330636,3.37625,44.799999999999955,2724,11.016,11016.0,,87,0.5,17,2017-10-14 20:21:43,Australia/Melbourne
2017-10-15 07:21:48+11:00,-37.83650544472039,144.9754426907748,3.39855,44.60000000000002,2723,11.1528,11152.800000000001,,86,0.5,17,2017-10-14 20:21:48,Australia/Melbourne
2017-10-15 07:21:52+11:00,-37.836603010073304,144.97548753395677,3.41006,44.200000000000045,2721,10.983600000000001,10983.6,,87,0.5,17,2017-10-14 20:21:52,Australia/Melbourne
2017-10-15 07:22:00+11:00,-37.83679931424558,144.9755690060556,3.433,43.799999999999955,2719,10.648800000000001,10648.800000000001,,86,0.5,17,2017-10-14 20:22:00,Australia/Melbourne
2017-10-15 07:22:08+11:00,-37.836978854611516,144.97566464357078,3.4547600000000003,43.799999999999955,2719,10.245600000000001,10245.6,,86,0.5,17,2017-10-14 20:22:08,Australia/Melbourne
2017-10-15 07:22:16+11:00,-37.83713920041919,144.97577209956944,3.47483,44.0,2720,9.8748,9874.800000000001,,85,0.5,17,2017-10-14 20:22:16,Australia/Melbourne
2017-10-15 07:22:22+11:00,-37.83732192590833,144.97575759887695,3.49572,43.60000000000002,2718,11.116800000000001,11116.800000000001,,87,0.5,17,2017-10-14 20:22:22,Australia/Melbourne
2017-10-15 07:22:26+11:00,-37.83744220621884,144.9757926352322,3.50947,43.200000000000045,2716,11.3184,11318.4,,87,0.5,17,2017-10-14 20:22:26,Australia/Melbourne
2017-10-15 07:22:32+11:00,-37.837583776563406,144.97592867352068,3.5300700000000003,42.39999999999998,2712,11.4192,11419.2,,87,0.5,17,2017-10-14 20:22:32,Australia/Melbourne
2017-10-15 07:22:38+11:00,-37.8376979380846,144.97602053917944,3.55221,42.60000000000002,2713,11.721599999999999,11721.6,,86,0.5,17,2017-10-14 20:22:38,Australia/Melbourne
2017-10-15 07:22:42+11:00,-37.83782375045121,144.97621977701783,3.57531,42.39999999999998,2712,11.721599999999999,11721.6,,86,0.5,17,2017-10-14 20:22:42,Australia/Melbourne
2017-10-15 07:22:47+11:00,-37.83799532800913,144.97633276507258,3.5970999999999997,42.200000000000045,2711,12.294,12294.0,,86,0.5,17,2017-10-14 20:22:47,Australia/Melbourne
2017-10-15 07:22:48+11:00,-37.838035225868225,144.97632890939713,3.60144,42.200000000000045,2711,12.294,12294.0,,86,0.5,17,2017-10-14 20:22:48,Australia/Melbourne
2017-10-15 07:22:56+11:00,-37.83820797689259,144.9764538835734,3.6245,42.0,2710,11.5884,11588.4,,86,0.5,17,2017-10-14 20:22:56,Australia/Melbourne
2017-10-15 07:23:03+11:00,-37.838363628834486,144.97634349390864,3.64557,41.60000000000002,2708,12.9312,12931.2,,87,0.5,17,2017-10-14 20:23:03,Australia/Melbourne
2017-10-15 07:23:09+11:00,-37.83855498768389,144.9763911869377,3.6672399999999996,41.200000000000045,2706,11.116800000000001,11116.800000000001,,87,0.5,17,2017-10-14 20:23:09,Australia/Melbourne
2017-10-15 07:23:10+11:00,-37.83858600072563,144.9764012452215,3.6707899999999998,41.200000000000045,2706,11.8908,11890.800000000001,,87,0.5,17,2017-10-14 20:23:10,Australia/Melbourne
2017-10-15 07:23:18+11:00,-37.83877191133797,144.97648841701448,3.6929499999999997,41.0,2705,10.245600000000001,10245.6,,86,0.5,17,2017-10-14 20:23:18,Australia/Melbourne
2017-10-15 07:23:24+11:00,-37.83895111642778,144.97652789577842,3.71312,40.60000000000002,2703,10.749600000000001,10749.6,,86,0.5,18,2017-10-14 20:23:24,Australia/Melbourne
2017-10-15 07:23:30+11:00,-37.8391055110842,144.9765714816749,3.73129,40.39999999999998,2702,10.983600000000001,10983.6,,87,0.5,18,2017-10-14 20:23:30,Australia/Melbourne
2017-10-15 07:23:36+11:00,-37.839284632354975,144.97656427323818,3.75138,40.200000000000045,2701,11.052,11052.0,,87,0.5,18,2017-10-14 20:23:36,Australia/Melbourne
2017-10-15 07:23:43+11:00,-37.83945159986615,144.97664683498442,3.7714000000000003,40.39999999999998,2702,10.9512,10951.2,,85,0.5,18,2017-10-14 20:23:43,Australia/Melbourne
2017-10-15 07:23:50+11:00,-37.83963088877499,144.97671221382916,3.79219,40.39999999999998,2702,10.882800000000001,10882.800000000001,,86,0.5,18,2017-10-14 20:23:50,Australia/Melbourne
2017-10-15 07:23:57+11:00,-37.839808417484164,144.97676904313266,3.81252,40.200000000000045,2701,10.814400000000001,10814.4,,85,0.5,18,2017-10-14 20:23:57,Australia/Melbourne
2017-10-15 07:24:04+11:00,-37.84000463783741,144.97680592350662,3.8345599999999997,40.200000000000045,2701,10.9152,10915.2,,86,0.5,18,2017-10-14 20:24:04,Australia/Melbourne
2017-10-15 07:24:11+11:00,-37.84018602222204,144.9768399540335,3.85493,40.200000000000045,2701,10.9152,10915.2,,86,0.5,18,2017-10-14 20:24:11,Australia/Melbourne
2017-10-15 07:24:19+11:00,-37.8403849247843,144.97689854353666,3.87763,40.39999999999998,2702,10.850399999999999,10850.4,,85,0.5,18,2017-10-14 20:24:19,Australia/Melbourne
2017-10-15 07:24:26+11:00,-37.84058357588947,144.97695419937372,3.9002800000000004,40.200000000000045,2701,10.9512,10951.2,,87,0.5,18,2017-10-14 20:24:26,Australia/Melbourne
2017-10-15 07:24:34+11:00,-37.84077426418662,144.9770143814385,3.92229,40.39999999999998,2702,10.782,10782.0,,86,0.5,18,2017-10-14 20:24:34,Australia/Melbourne
2017-10-15 07:24:41+11:00,-37.840957241132855,144.97708143666387,3.9434899999999997,40.799999999999955,2704,10.850399999999999,10850.4,,87,0.5,18,2017-10-14 20:24:41,Australia/Melbourne
2017-10-15 07:24:48+11:00,-37.84113485366106,144.9771259445697,3.96361,40.799999999999955,2704,10.782,10782.0,,86,0.5,18,2017-10-14 20:24:48,Australia/Melbourne
2017-10-15 07:24:55+11:00,-37.84129469655454,144.97723013162613,3.98364,40.799999999999955,2704,10.749600000000001,10749.6,,86,0.5,18,2017-10-14 20:24:55,Australia/Melbourne
2017-10-15 07:25:01+11:00,-37.841446828097105,144.97730028815567,4.00173,41.39999999999998,2707,10.749600000000001,10749.6,,85,0.5,18,2017-10-14 20:25:01,Australia/Melbourne
2017-10-15 07:25:08+11:00,-37.841631565243006,144.97734018601477,4.02257,41.39999999999998,2707,10.7136,10713.6,,87,0.5,18,2017-10-14 20:25:08,Australia/Melbourne
2017-10-15 07:25:15+11:00,-37.84180867485702,144.9774131923914,4.04338,41.60000000000002,2708,10.7136,10713.6,,86,0.5,18,2017-10-14 20:25:15,Australia/Melbourne
2017-10-15 07:25:22+11:00,-37.841972038149834,144.9775974266231,4.0672,41.799999999999955,2709,10.850399999999999,10850.4,,87,0.5,18,2017-10-14 20:25:22,Australia/Melbourne
2017-10-15 07:25:29+11:00,-37.8421344794333,144.97770245186985,4.08748,42.0,2710,10.850399999999999,10850.4,,87,0.5,18,2017-10-14 20:25:29,Australia/Melbourne
2017-10-15 07:25:34+11:00,-37.84233237616718,144.9777131807059,4.1091999999999995,42.0,2710,11.052,11052.0,,87,0.5,18,2017-10-14 20:25:34,Australia/Melbourne
2017-10-15 07:25:37+11:00,-37.842401610687375,144.97772986069322,4.11704,42.200000000000045,2711,10.850399999999999,10850.4,,86,0.5,18,2017-10-14 20:25:37,Australia/Melbourne
2017-10-15 07:25:43+11:00,-37.84255717881024,144.9777509830892,4.13433,42.200000000000045,2711,10.782,10782.0,,87,0.5,18,2017-10-14 20:25:43,Australia/Melbourne
2017-10-15 07:25:51+11:00,-37.842733366414905,144.97779733501375,4.15437,42.60000000000002,2713,10.346400000000001,10346.4,,85,0.5,18,2017-10-14 20:25:51,Australia/Melbourne
2017-10-15 07:25:58+11:00,-37.842915086075664,144.97783136554062,4.17483,42.200000000000045,2711,10.278,10278.0,,86,0.5,18,2017-10-14 20:25:58,Australia/Melbourne
2017-10-15 07:26:06+11:00,-37.84310895949602,144.97787696309388,4.19675,42.39999999999998,2712,10.245600000000001,10245.6,,86,0.5,18,2017-10-14 20:26:06,Australia/Melbourne
2017-10-15 07:26:14+11:00,-37.843288499861956,144.97796773910522,4.21884,42.60000000000002,2713,10.177200000000001,10177.2,,86,0.5,18,2017-10-14 20:26:14,Australia/Melbourne
2017-10-15 07:26:20+11:00,-37.84347734414041,144.97802037745714,4.24052,42.60000000000002,2713,10.5156,10515.6,,86,0.5,18,2017-10-14 20:26:20,Australia/Melbourne
2017-10-15 07:26:27+11:00,-37.84363995306194,144.97816756367683,4.2631000000000006,42.60000000000002,2713,10.882800000000001,10882.800000000001,,87,0.5,18,2017-10-14 20:26:27,Australia/Melbourne
2017-10-15 07:26:35+11:00,-37.8438285458833,144.97825238853693,4.28548,42.60000000000002,2713,10.5156,10515.6,,86,0.5,18,2017-10-14 20:26:35,Australia/Melbourne
2017-10-15 07:26:42+11:00,-37.84400758333504,144.97834333218634,4.30696,42.799999999999955,2714,10.7136,10713.6,,86,0.5,18,2017-10-14 20:26:42,Australia/Melbourne
2017-10-15 07:26:49+11:00,-37.844188464805484,144.97840669937432,4.32779,42.799999999999955,2714,10.850399999999999,10850.4,,87,0.5,18,2017-10-14 20:26:49,Australia/Melbourne
2017-10-15 07:26:56+11:00,-37.84438560716808,144.9784608464688,4.35025,42.799999999999955,2714,10.9152,10915.2,,86,0.5,18,2017-10-14 20:26:56,Australia/Melbourne
2017-10-15 07:27:03+11:00,-37.84458015114069,144.97850610874593,4.37227,42.799999999999955,2714,10.983600000000001,10983.6,,86,0.5,18,2017-10-14 20:27:03,Australia/Melbourne
2017-10-15 07:27:08+11:00,-37.84471208229661,144.9785197712481,4.387029999999999,43.200000000000045,2716,10.9512,10951.2,,86,0.5,18,2017-10-14 20:27:08,Australia/Melbourne
2017-10-15 07:27:15+11:00,-37.84490109421313,144.9785657878965,4.408399999999999,43.200000000000045,2716,10.983600000000001,10983.6,,87,0.5,18,2017-10-14 20:27:15,Australia/Melbourne
2017-10-15 07:27:22+11:00,-37.84509287215769,144.97861607931554,4.43016,43.200000000000045,2716,11.016,11016.0,,85,0.5,18,2017-10-14 20:27:22,Australia/Melbourne
2017-10-15 07:27:30+11:00,-37.84529018215835,144.97864943929017,4.45227,43.0,2715,10.882800000000001,10882.800000000001,,87,0.5,18,2017-10-14 20:27:30,Australia/Melbourne
2017-10-15 07:27:37+11:00,-37.8454673755914,144.9787127226591,4.47276,43.39999999999998,2717,10.814400000000001,10814.4,,85,0.5,18,2017-10-14 20:27:37,Australia/Melbourne
2017-10-15 07:27:44+11:00,-37.84564096480608,144.97877575457096,4.49281,43.39999999999998,2717,10.749600000000001,10749.6,,86,0.5,18,2017-10-14 20:27:44,Australia/Melbourne
2017-10-15 07:27:51+11:00,-37.84581740386784,144.978834008798,4.51306,43.39999999999998,2717,10.6812,10681.2,,85,0.5,18,2017-10-14 20:27:51,Australia/Melbourne
2017-10-15 07:27:58+11:00,-37.84600540995598,144.97892327606678,4.53552,43.39999999999998,2717,10.882800000000001,10882.800000000001,,87,0.5,19,2017-10-14 20:27:58,Australia/Melbourne
2017-10-15 07:28:06+11:00,-37.846201630309224,144.9789912533015,4.55818,43.39999999999998,2717,10.749600000000001,10749.6,,86,0.5,19,2017-10-14 20:28:06,Australia/Melbourne
2017-10-15 07:28:13+11:00,-37.84638678655028,144.97903182171285,4.57906,43.799999999999955,2719,10.7136,10713.6,,87,0.5,19,2017-10-14 20:28:13,Australia/Melbourne
2017-10-15 07:28:20+11:00,-37.846575044095516,144.9790713004768,4.60025,43.60000000000002,2718,10.749600000000001,10749.6,,87,0.5,19,2017-10-14 20:28:20,Australia/Melbourne
2017-10-15 07:28:27+11:00,-37.84675944596529,144.97912846505642,4.6213299999999995,43.799999999999955,2719,10.749600000000001,10749.6,,86,0.5,19,2017-10-14 20:28:27,Australia/Melbourne
2017-10-15 07:28:34+11:00,-37.846940914168954,144.97921253554523,4.64278,43.60000000000002,2718,10.782,10782.0,,86,0.5,19,2017-10-14 20:28:34,Australia/Melbourne
2017-10-15 07:28:41+11:00,-37.847119783982635,144.9792603123933,4.66309,43.799999999999955,2719,10.782,10782.0,,86,0.5,19,2017-10-14 20:28:41,Australia/Melbourne
2017-10-15 07:28:48+11:00,-37.84729111008346,144.97934656217694,4.6836,44.0,2720,10.7136,10713.6,,86,0.5,19,2017-10-14 20:28:48,Australia/Melbourne
2017-10-15 07:28:55+11:00,-37.84747123718262,144.97944312170148,4.70568,44.200000000000045,2721,10.782,10782.0,,86,0.5,19,2017-10-14 20:28:55,Australia/Melbourne
2017-10-15 07:29:01+11:00,-37.84760635346174,144.97960221022367,4.72595,44.0,2720,10.850399999999999,10850.4,,87,0.5,19,2017-10-14 20:29:01,Australia/Melbourne
2017-10-15 07:29:07+11:00,-37.84776359796524,144.97973296791315,4.7471000000000005,44.0,2720,11.116800000000001,11116.800000000001,,85,0.5,19,2017-10-14 20:29:07,Australia/Melbourne
2017-10-15 07:29:14+11:00,-37.84795026294887,144.97980270534754,4.76897,43.799999999999955,2719,11.556000000000001,11556.0,,86,0.5,19,2017-10-14 20:29:14,Australia/Melbourne
2017-10-15 07:29:21+11:00,-37.848125444725156,144.97986439615488,4.78917,43.799999999999955,2719,11.0844,11084.4,,86,0.5,19,2017-10-14 20:29:21,Australia/Melbourne
2017-10-15 07:29:29+11:00,-37.848331052809954,144.9799032881856,4.8122799999999994,43.39999999999998,2717,10.850399999999999,10850.4,,85,0.5,19,2017-10-14 20:29:29,Australia/Melbourne
2017-10-15 07:29:37+11:00,-37.84853364340961,144.97991820797324,4.8348,43.200000000000045,2716,10.7136,10713.6,,86,0.5,19,2017-10-14 20:29:37,Australia/Melbourne
2017-10-15 07:29:45+11:00,-37.848738664761186,144.97995517216623,4.85783,43.200000000000045,2716,10.648800000000001,10648.800000000001,,87,0.5,19,2017-10-14 20:29:45,Australia/Melbourne
2017-10-15 07:29:52+11:00,-37.848938992246985,144.9800000153482,4.880439999999999,43.200000000000045,2716,10.749600000000001,10749.6,,85,0.5,19,2017-10-14 20:29:52,Australia/Melbourne
2017-10-15 07:30:00+11:00,-37.849134458228946,144.98007042333484,4.903029999999999,43.200000000000045,2716,10.6812,10681.2,,86,0.5,19,2017-10-14 20:30:00,Australia/Melbourne
2017-10-15 07:30:07+11:00,-37.84930964000523,144.98014862649143,4.92369,42.799999999999955,2714,10.7136,10713.6,,85,0.5,19,2017-10-14 20:30:07,Australia/Melbourne
2017-10-15 07:30:14+11:00,-37.84949102438986,144.9802196212113,4.94478,43.0,2715,10.7136,10713.6,,86,0.5,19,2017-10-14 20:30:14,Australia/Melbourne
2017-10-15 07:30:22+11:00,-37.84969713538885,144.980295477435,4.9686,42.799999999999955,2714,10.6812,10681.2,,86,0.5,19,2017-10-14 20:30:22,Australia/Melbourne
2017-10-15 07:30:30+11:00,-37.84989109262824,144.98034442774951,4.99059,42.60000000000002,2713,10.6128,10612.800000000001,,86,0.5,19,2017-10-14 20:30:30,Australia/Melbourne
2017-10-15 07:30:33+11:00,-37.849978767335415,144.98035926371813,5.0004,42.39999999999998,2712,10.580400000000001,10580.4,,86,0.5,19,2017-10-14 20:30:33,Australia/Melbourne
2017-10-15 07:30:35+11:00,-37.85003568045795,144.98037938028574,5.00695,42.200000000000045,2711,10.6128,10612.800000000001,,86,0.5,19,2017-10-14 20:30:35,Australia/Melbourne
2017-10-15 07:30:36+11:00,-37.85005780868232,144.98038969002664,5.00957,42.200000000000045,2711,10.6128,10612.800000000001,,86,0.5,19,2017-10-14 20:30:36,Australia/Melbourne
2017-10-15 07:30:43+11:00,-37.85025738179684,144.9804601818323,5.03259,42.200000000000045,2711,10.749600000000001,10749.6,,86,0.5,19,2017-10-14 20:30:43,Australia/Melbourne
2017-10-15 07:30:50+11:00,-37.85045402124524,144.98052547685802,5.0552,41.799999999999955,2709,10.9512,10951.2,,87,0.5,19,2017-10-14 20:30:50,Australia/Melbourne
2017-10-15 07:30:57+11:00,-37.850639428943396,144.98058188706636,5.07638,41.39999999999998,2707,10.983600000000001,10983.6,,86,0.5,19,2017-10-14 20:30:57,Australia/Melbourne
2017-10-15 07:31:01+11:00,-37.85074504092336,144.98060141690075,5.088229999999999,41.200000000000045,2706,10.9512,10951.2,,85,0.5,19,2017-10-14 20:31:01,Australia/Melbourne
2017-10-15 07:31:08+11:00,-37.85092609003186,144.98066134750843,5.10917,41.0,2705,10.9152,10915.2,,85,0.5,19,2017-10-14 20:31:08,Australia/Melbourne
2017-10-15 07:31:15+11:00,-37.85110437311232,144.9807481840253,5.13026,41.0,2705,10.9512,10951.2,,86,0.5,19,2017-10-14 20:31:15,Australia/Melbourne
2017-10-15 07:31:22+11:00,-37.851272681728005,144.98086729086936,5.15164,41.0,2705,10.9152,10915.2,,85,0.5,19,2017-10-14 20:31:22,Australia/Melbourne
2017-10-15 07:31:29+11:00,-37.851468147709966,144.98095504939556,5.1749,41.0,2705,11.016,11016.0,,87,0.5,19,2017-10-14 20:31:29,Australia/Melbourne
2017-10-15 07:31:36+11:00,-37.851635282859206,144.98104431666434,5.19522,41.200000000000045,2706,11.016,11016.0,,85,0.5,19,2017-10-14 20:31:36,Australia/Melbourne
2017-10-15 07:31:44+11:00,-37.851824881508946,144.98111740686,5.21743,40.799999999999955,2704,10.814400000000001,10814.4,,85,0.5,19,2017-10-14 20:31:44,Australia/Melbourne
2017-10-15 07:31:51+11:00,-37.85200576297939,144.9811581429094,5.23787,40.799999999999955,2704,10.782,10782.0,,87,0.5,19,2017-10-14 20:31:51,Australia/Melbourne
2017-10-15 07:31:58+11:00,-37.852188320830464,144.98120390810072,5.25857,40.60000000000002,2703,10.749600000000001,10749.6,,85,0.5,19,2017-10-14 20:31:58,Australia/Melbourne
2017-10-15 07:32:05+11:00,-37.8523832000792,144.98123735189438,5.28041,40.60000000000002,2703,10.782,10782.0,,87,0.5,19,2017-10-14 20:32:05,Australia/Melbourne
2017-10-15 07:32:12+11:00,-37.85256441682577,144.9813204165548,5.3018,40.799999999999955,2704,10.749600000000001,10749.6,,87,0.5,19,2017-10-14 20:32:12,Australia/Melbourne
2017-10-15 07:32:19+11:00,-37.85274378955364,144.98139870353043,5.3228800000000005,40.60000000000002,2703,10.782,10782.0,,86,0.5,19,2017-10-14 20:32:19,Australia/Melbourne
2017-10-15 07:32:27+11:00,-37.85292542539537,144.9814506713301,5.34359,40.60000000000002,2703,10.548,10548.0,,87,0.5,19,2017-10-14 20:32:27,Australia/Melbourne
2017-10-15 07:32:34+11:00,-37.853107480332255,144.98150683008134,5.36446,40.799999999999955,2704,10.5156,10515.6,,86,0.5,19,2017-10-14 20:32:34,Australia/Melbourne
2017-10-15 07:32:41+11:00,-37.85328517667949,144.98157958500087,5.3852,41.0,2705,10.580400000000001,10580.4,,86,0.5,19,2017-10-14 20:32:41,Australia/Melbourne
2017-10-15 07:32:48+11:00,-37.85346773453057,144.98164244927466,5.40621,41.39999999999998,2707,10.648800000000001,10648.800000000001,,85,0.5,19,2017-10-14 20:32:48,Australia/Melbourne
2017-10-15 07:32:55+11:00,-37.853644425049424,144.9817208200693,5.42706,41.200000000000045,2706,10.6128,10612.800000000001,,87,0.5,19,2017-10-14 20:32:55,Australia/Melbourne
2017-10-15 07:33:03+11:00,-37.853839974850416,144.98175535351038,5.449050000000001,41.39999999999998,2707,10.5156,10515.6,,86,0.5,19,2017-10-14 20:33:03,Australia/Melbourne
2017-10-15 07:33:11+11:00,-37.85403870977461,144.9818013701588,5.47145,41.39999999999998,2707,10.4148,10414.800000000001,,85,0.5,19,2017-10-14 20:33:11,Australia/Melbourne
2017-10-15 07:33:19+11:00,-37.85423593595624,144.98187236487865,5.494260000000001,42.0,2710,10.346400000000001,10346.4,,86,0.5,19,2017-10-14 20:33:19,Australia/Melbourne
2017-10-15 07:33:24+11:00,-37.85441229119897,144.9819200579077,5.514600000000001,42.0,2710,10.548,10548.0,,86,0.5,19,2017-10-14 20:33:24,Australia/Melbourne
2017-10-15 07:33:28+11:00,-37.85438605584204,144.9821079801768,5.52224,42.200000000000045,2711,10.4796,10479.6,,85,0.5,19,2017-10-14 20:33:28,Australia/Melbourne
2017-10-15 07:33:34+11:00,-37.85452268086374,144.98225080780685,5.54572,42.200000000000045,2711,11.79,11790.0,,86,0.5,19,2017-10-14 20:33:34,Australia/Melbourne
2017-10-15 07:33:39+11:00,-37.8547213319689,144.98228785581887,5.56784,42.60000000000002,2713,12.0924,12092.4,,85,0.5,19,2017-10-14 20:33:39,Australia/Melbourne
2017-10-15 07:33:45+11:00,-37.85491403192282,144.9822787195444,5.5888800000000005,43.200000000000045,2716,12.024,12024.0,,85,0.5,19,2017-10-14 20:33:45,Australia/Melbourne
2017-10-15 07:33:47+11:00,-37.854957953095436,144.98229263350368,5.59392,43.200000000000045,2716,11.4192,11419.2,,85,0.5,19,2017-10-14 20:33:47,Australia/Melbourne
2017-10-15 07:33:56+11:00,-37.855157777667046,144.98231367208064,5.61609,43.799999999999955,2719,10.112400000000001,10112.4,,86,0.5,19,2017-10-14 20:33:56,Australia/Melbourne
2017-10-15 07:34:04+11:00,-37.85536263138056,144.98234091326594,5.639,44.200000000000045,2721,10.4796,10479.6,,87,0.5,19,2017-10-14 20:34:04,Australia/Melbourne
2017-10-15 07:34:05+11:00,-37.85538945347071,144.98234443366528,5.64199,44.39999999999998,2722,10.580400000000001,10580.4,,87,0.5,19,2017-10-14 20:34:05,Australia/Melbourne
2017-10-15 07:34:13+11:00,-37.85558206960559,144.9823788832873,5.66354,44.60000000000002,2723,10.112400000000001,10112.4,,86,0.5,20,2017-10-14 20:34:13,Australia/Melbourne
2017-10-15 07:34:21+11:00,-37.855778289958835,144.98241182416677,5.685479999999999,45.200000000000045,2726,10.011600000000001,10011.6,,85,0.5,20,2017-10-14 20:34:21,Australia/Melbourne
2017-10-15 07:34:29+11:00,-37.85596378147602,144.98246136121452,5.70653,45.39999999999998,2727,9.9756,9975.6,,85,0.5,20,2017-10-14 20:34:29,Australia/Melbourne
2017-10-15 07:34:36+11:00,-37.8561548050493,144.98246856965125,5.72778,45.799999999999955,2729,9.9756,9975.6,,85,0.5,20,2017-10-14 20:34:36,Australia/Melbourne
2017-10-15 07:34:43+11:00,-37.85634691826999,144.98249363154173,5.7492,46.200000000000045,2731,10.2132,10213.2,,85,0.5,20,2017-10-14 20:34:43,Australia/Melbourne
2017-10-15 07:34:47+11:00,-37.85642989911139,144.9824964813888,5.7584,46.39999999999998,2732,10.0764,10076.4,,85,0.5,20,2017-10-14 20:34:47,Australia/Melbourne
2017-10-15 07:34:54+11:00,-37.85661363042891,144.98243554495275,5.77975,46.799999999999955,2734,10.044,10044.0,,84,0.5,20,2017-10-14 20:34:54,Australia/Melbourne
2017-10-15 07:35:00+11:00,-37.85675570368767,144.98229514807463,5.79976,47.200000000000045,2736,10.245600000000001,10245.6,,85,0.5,20,2017-10-14 20:35:00,Australia/Melbourne
2017-10-15 07:35:06+11:00,-37.856892915442586,144.98212977312505,5.8208400000000005,47.200000000000045,2736,10.882800000000001,10882.800000000001,,86,0.5,20,2017-10-14 20:35:06,Australia/Melbourne
2017-10-15 07:35:12+11:00,-37.85702199675143,144.98197361826897,5.84084,47.200000000000045,2736,11.1528,11152.800000000001,,86,0.5,20,2017-10-14 20:35:12,Australia/Melbourne
2017-10-15 07:35:19+11:00,-37.85716054961085,144.98179483227432,5.86284,46.60000000000002,2733,10.983600000000001,10983.6,,87,0.5,20,2017-10-14 20:35:19,Australia/Melbourne
2017-10-15 07:35:26+11:00,-37.857282757759094,144.9815994501114,5.884729999999999,46.60000000000002,2733,11.052,11052.0,,84,0.5,20,2017-10-14 20:35:26,Australia/Melbourne
2017-10-15 07:35:33+11:00,-37.85738744772971,144.98139660805464,5.90601,47.0,2735,11.116800000000001,11116.800000000001,,87,0.5,20,2017-10-14 20:35:33,Australia/Melbourne
2017-10-15 07:35:41+11:00,-37.857529018074274,144.98120944015682,5.92894,47.200000000000045,2736,10.782,10782.0,,85,0.5,20,2017-10-14 20:35:41,Australia/Melbourne
2017-10-15 07:35:48+11:00,-37.857674192637205,144.9810320790857,5.95149,47.0,2735,10.9512,10951.2,,85,0.5,20,2017-10-14 20:35:48,Australia/Melbourne
2017-10-15 07:35:56+11:00,-37.85780184902251,144.98082521371543,5.97464,47.200000000000045,2736,10.9152,10915.2,,86,0.5,20,2017-10-14 20:35:56,Australia/Melbourne
2017-10-15 07:36:04+11:00,-37.85789078101516,144.98058783821762,5.99763,47.39999999999998,2737,10.814400000000001,10814.4,,85,0.5,20,2017-10-14 20:36:04,Australia/Melbourne
2017-10-15 07:36:05+11:00,-37.85790695808828,144.9805579148233,6.00081,47.39999999999998,2737,10.814400000000001,10814.4,,87,0.0,20,2017-10-14 20:36:05,Australia/Melbourne
2017-10-15 07:36:12+11:00,-37.85793101415038,144.98031986877322,6.02415,47.39999999999998,2737,10.983600000000001,10983.6,,87,0.5,20,2017-10-14 20:36:12,Australia/Melbourne
2017-10-15 07:36:17+11:00,-37.8577796369791,144.98018416576087,6.0446800000000005,47.0,2735,11.4876,11487.6,,87,0.5,20,2017-10-14 20:36:17,Australia/Melbourne
2017-10-15 07:36:23+11:00,-37.857620883733034,144.98005625791848,6.06555,46.60000000000002,2733,11.4876,11487.6,,85,0.5,20,2017-10-14 20:36:23,Australia/Melbourne
2017-10-15 07:36:30+11:00,-37.85745802335441,144.97990731149912,6.08787,46.200000000000045,2731,11.3184,11318.4,,86,0.5,20,2017-10-14 20:36:30,Australia/Melbourne
2017-10-15 07:36:37+11:00,-37.85730714909732,144.97976523824036,6.108779999999999,45.39999999999998,2727,10.983600000000001,10983.6,,87,0.5,20,2017-10-14 20:36:37,Australia/Melbourne
2017-10-15 07:36:44+11:00,-37.85715174861252,144.9796223267913,6.13014,45.0,2725,11.116800000000001,11116.800000000001,,86,0.5,20,2017-10-14 20:36:44,Australia/Melbourne
2017-10-15 07:36:51+11:00,-37.85700028762221,144.97948830015957,6.15068,44.799999999999955,2724,11.052,11052.0,,86,0.0,20,2017-10-14 20:36:51,Australia/Melbourne
2017-10-15 07:36:58+11:00,-37.85683977417648,144.97936223633587,6.17167,44.60000000000002,2723,10.983600000000001,10983.6,,87,0.0,20,2017-10-14 20:36:58,Australia/Melbourne
2017-10-15 07:37:01+11:00,-37.8567711263895,144.97931018471718,6.180560000000001,44.200000000000045,2721,10.983600000000001,10983.6,,86,0.5,20,2017-10-14 20:37:01,Australia/Melbourne
2017-10-15 07:37:08+11:00,-37.85659812390804,144.97920616529882,6.20186,44.0,2720,10.983600000000001,10983.6,,86,0.5,20,2017-10-14 20:37:08,Australia/Melbourne
2017-10-15 07:37:15+11:00,-37.856427635997534,144.9791189096868,6.222300000000001,43.39999999999998,2717,10.882800000000001,10882.800000000001,,85,0.5,20,2017-10-14 20:37:15,Australia/Melbourne
2017-10-15 07:37:23+11:00,-37.85623895935714,144.97902595438063,6.24487,43.200000000000045,2716,10.782,10782.0,,86,0.5,20,2017-10-14 20:37:23,Australia/Melbourne
2017-10-15 07:37:24+11:00,-37.856215573847294,144.97901723720133,6.24758,43.200000000000045,2716,10.749600000000001,10749.6,,86,0.5,20,2017-10-14 20:37:24,Australia/Melbourne
2017-10-15 07:37:31+11:00,-37.85609420388937,144.97896526940167,6.26178,42.60000000000002,2713,10.5156,10515.6,,83,0.0,20,2017-10-14 20:37:31,Australia/Melbourne
2017-10-15 07:37:33+11:00,-37.85606645978987,144.97895931825042,6.2649099999999995,42.799999999999955,2714,10.4796,10479.6,,83,0.0,20,2017-10-14 20:37:33,Australia/Melbourne
2017-10-15 07:37:40+11:00,-37.85594894550741,144.97892444953322,6.27844,42.60000000000002,2713,8.1612,8161.2,,85,0.0,20,2017-10-14 20:37:40,Australia/Melbourne
2017-10-15 07:37:48+11:00,-37.85577041096985,144.97882889583707,6.30001,42.39999999999998,2712,8.8344,8834.4,,88,0.5,20,2017-10-14 20:37:48,Australia/Melbourne
2017-10-15 07:37:52+11:00,-37.85566697828472,144.9787808675319,6.31231,42.0,2710,9.6408,9640.800000000001,,87,0.5,20,2017-10-14 20:37:52,Australia/Melbourne
2017-10-15 07:37:59+11:00,-37.85547645762563,144.9787404667586,6.33386,41.60000000000002,2708,10.4796,10479.6,,59,0.0,20,2017-10-14 20:37:59,Australia/Melbourne
2017-10-15 07:38:03+11:00,-37.85537654533982,144.9787462502718,6.344930000000001,41.0,2705,10.044,10044.0,,86,0.0,20,2017-10-14 20:38:03,Australia/Melbourne
2017-10-15 07:38:10+11:00,-37.85517596639693,144.97874859720469,6.3672200000000005,40.60000000000002,2703,11.052,11052.0,,88,0.5,20,2017-10-14 20:38:10,Australia/Melbourne
2017-10-15 07:38:16+11:00,-37.85501134581864,144.97873820364475,6.3855200000000005,40.0,2700,10.9152,10915.2,,86,0.5,20,2017-10-14 20:38:16,Australia/Melbourne
2017-10-15 07:38:23+11:00,-37.8548043128103,144.978720350191,6.40857,39.60000000000002,2698,11.185200000000002,11185.2,,87,0.0,20,2017-10-14 20:38:23,Australia/Melbourne
2017-10-15 07:38:30+11:00,-37.854601219296455,144.97872370295227,6.43114,38.799999999999955,2694,11.286,11286.0,,87,0.0,20,2017-10-14 20:38:30,Australia/Melbourne
2017-10-15 07:38:36+11:00,-37.85442025400698,144.97871590778232,6.45127,38.200000000000045,2691,11.3868,11386.800000000001,,88,0.0,20,2017-10-14 20:38:36,Australia/Melbourne
2017-10-15 07:38:43+11:00,-37.854214143007994,144.97871523723006,6.47417,38.60000000000002,2693,11.556000000000001,11556.0,,88,0.5,20,2017-10-14 20:38:43,Australia/Melbourne
2017-10-15 07:38:50+11:00,-37.85403083078563,144.97871339321136,6.49454,38.0,2690,11.3868,11386.800000000001,,88,0.5,20,2017-10-14 20:38:50,Australia/Melbourne
2017-10-15 07:38:54+11:00,-37.853928320109844,144.978701826185,6.50596,37.799999999999955,2689,11.286,11286.0,,87,0.5,20,2017-10-14 20:38:54,Australia/Melbourne
2017-10-15 07:39:01+11:00,-37.853742660954595,144.97867349535227,6.52676,38.200000000000045,2691,11.0844,11084.4,,87,0.0,20,2017-10-14 20:39:01,Australia/Melbourne
2017-10-15 07:39:09+11:00,-37.85354149527848,144.9786339327693,6.5493500000000004,38.799999999999955,2694,10.850399999999999,10850.4,,86,0.5,20,2017-10-14 20:39:09,Australia/Melbourne
2017-10-15 07:39:16+11:00,-37.8533591888845,144.9786082841456,6.56971,38.799999999999955,2694,10.6812,10681.2,,87,0.5,20,2017-10-14 20:39:16,Australia/Melbourne
2017-10-15 07:39:17+11:00,-37.853333204984665,144.97860702686012,6.57259,38.799999999999955,2694,10.6812,10681.2,,86,0.5,20,2017-10-14 20:39:17,Australia/Melbourne
2017-10-15 07:39:24+11:00,-37.85313514061272,144.97857584618032,6.59474,39.0,2695,10.7136,10713.6,,86,0.5,20,2017-10-14 20:39:24,Australia/Melbourne
2017-10-15 07:39:31+11:00,-37.852939423173666,144.97853544540703,6.616779999999999,38.39999999999998,2692,10.882800000000001,10882.800000000001,,87,0.5,20,2017-10-14 20:39:31,Australia/Melbourne
2017-10-15 07:39:38+11:00,-37.85275259055197,144.97847886756063,6.63813,38.60000000000002,2693,10.9152,10915.2,,87,0.5,20,2017-10-14 20:39:38,Australia/Melbourne
2017-10-15 07:39:43+11:00,-37.85262292250991,144.97843553312123,6.65301,38.200000000000045,2691,10.882800000000001,10882.800000000001,,87,0.5,20,2017-10-14 20:39:43,Australia/Melbourne
2017-10-15 07:39:50+11:00,-37.85244111903012,144.97835816815495,6.674300000000001,38.39999999999998,2692,10.882800000000001,10882.800000000001,,87,0.5,20,2017-10-14 20:39:50,Australia/Melbourne
2017-10-15 07:39:57+11:00,-37.85226275213063,144.9783004168421,6.69478,38.200000000000045,2691,10.814400000000001,10814.4,,86,0.5,20,2017-10-14 20:39:57,Australia/Melbourne
2017-10-15 07:40:04+11:00,-37.852080864831805,144.97823076322675,6.71589,38.0,2690,10.749600000000001,10749.6,,86,0.5,20,2017-10-14 20:40:04,Australia/Melbourne
2017-10-15 07:40:06+11:00,-37.852027053013444,144.97820880264044,6.72217,37.799999999999955,2689,10.782,10782.0,,86,0.5,20,2017-10-14 20:40:06,Australia/Melbourne
2017-10-15 07:40:13+11:00,-37.851847261190414,144.97814308851957,6.7429499999999996,38.200000000000045,2691,10.782,10782.0,,87,0.0,20,2017-10-14 20:40:13,Australia/Melbourne
2017-10-15 07:40:20+11:00,-37.85166813991964,144.97808089479804,6.76358,38.0,2690,10.749600000000001,10749.6,,87,0.5,20,2017-10-14 20:40:20,Australia/Melbourne
2017-10-15 07:40:27+11:00,-37.85149538889527,144.97801350429654,6.78366,38.200000000000045,2691,10.580400000000001,10580.4,,85,0.5,20,2017-10-14 20:40:27,Australia/Melbourne
2017-10-15 07:40:34+11:00,-37.85131802782416,144.97794695198536,6.8042,38.60000000000002,2693,10.548,10548.0,,87,0.5,20,2017-10-14 20:40:34,Australia/Melbourne
2017-10-15 07:40:41+11:00,-37.85113362595439,144.97788174077868,6.82545,38.60000000000002,2693,10.6128,10612.800000000001,,86,0.5,20,2017-10-14 20:40:41,Australia/Melbourne
2017-10-15 07:40:48+11:00,-37.850951151922345,144.97781636193395,6.84651,38.60000000000002,2693,10.648800000000001,10648.800000000001,,86,0.5,20,2017-10-14 20:40:48,Australia/Melbourne
2017-10-15 07:40:55+11:00,-37.85077018663287,144.97775341384113,6.86735,38.799999999999955,2694,10.6812,10681.2,,87,0.5,20,2017-10-14 20:40:55,Australia/Melbourne
2017-10-15 07:41:01+11:00,-37.85061269067228,144.977692309767,6.88565,39.0,2695,10.648800000000001,10648.800000000001,,86,0.5,20,2017-10-14 20:41:01,Australia/Melbourne
2017-10-15 07:41:08+11:00,-37.85043549723923,144.9776013661176,6.90688,38.799999999999955,2694,10.6812,10681.2,,87,0.5,20,2017-10-14 20:41:08,Australia/Melbourne
2017-10-15 07:41:15+11:00,-37.850254364311695,144.97750899754465,6.92859,38.60000000000002,2693,10.782,10782.0,,86,0.5,20,2017-10-14 20:41:15,Australia/Melbourne
2017-10-15 07:41:22+11:00,-37.85008261911571,144.97740942053497,6.94957,38.60000000000002,2693,10.749600000000001,10749.6,,87,0.5,20,2017-10-14 20:41:22,Australia/Melbourne
2017-10-15 07:41:30+11:00,-37.849907940253615,144.9772810935974,6.97203,38.39999999999998,2692,10.6128,10612.800000000001,,87,0.5,20,2017-10-14 20:41:30,Australia/Melbourne
2017-10-15 07:41:37+11:00,-37.84975656308234,144.9771301355213,6.99345,38.39999999999998,2692,10.648800000000001,10648.800000000001,,86,0.5,20,2017-10-14 20:41:37,Australia/Melbourne
2017-10-15 07:41:40+11:00,-37.8496962133795,144.97706467285752,7.00228,38.39999999999998,2692,10.648800000000001,10648.800000000001,,88,0.5,20,2017-10-14 20:41:40,Australia/Melbourne
2017-10-15 07:41:47+11:00,-37.84955724142492,144.97690566815436,7.023140000000001,38.200000000000045,2691,10.648800000000001,10648.800000000001,,87,0.5,20,2017-10-14 20:41:47,Australia/Melbourne
2017-10-15 07:41:54+11:00,-37.84942061640322,144.9767297320068,7.04481,38.0,2690,10.7136,10713.6,,86,0.5,20,2017-10-14 20:41:54,Australia/Melbourne
2017-10-15 07:41:55+11:00,-37.84940276294947,144.97670374810696,7.04783,37.799999999999955,2689,10.7136,10713.6,,86,0.5,20,2017-10-14 20:41:55,Australia/Melbourne
2017-10-15 07:42:02+11:00,-37.84927091561258,144.9765151552856,7.069979999999999,37.799999999999955,2689,10.782,10782.0,,86,0.5,20,2017-10-14 20:42:02,Australia/Melbourne
2017-10-15 07:42:09+11:00,-37.84913605079055,144.97633452527225,7.091810000000001,37.39999999999998,2687,10.882800000000001,10882.800000000001,,86,0.5,20,2017-10-14 20:42:09,Australia/Melbourne
2017-10-15 07:42:16+11:00,-37.84900370053947,144.97616018168628,7.113060000000001,37.60000000000002,2688,10.850399999999999,10850.4,,85,0.5,20,2017-10-14 20:42:16,Australia/Melbourne
2017-10-15 07:42:23+11:00,-37.848874032497406,144.97598357498646,7.13424,37.60000000000002,2688,10.850399999999999,10850.4,,87,0.5,20,2017-10-14 20:42:23,Australia/Melbourne
2017-10-15 07:42:30+11:00,-37.84874377772212,144.97581727802753,7.15481,37.799999999999955,2689,10.850399999999999,10850.4,,87,0.5,20,2017-10-14 20:42:30,Australia/Melbourne
2017-10-15 07:42:37+11:00,-37.84862173721194,144.9756419286132,7.175350000000001,37.799999999999955,2689,10.749600000000001,10749.6,,87,0.5,20,2017-10-14 20:42:37,Australia/Melbourne
2017-10-15 07:42:45+11:00,-37.84850154072046,144.9754339735955,7.19801,37.60000000000002,2688,10.6128,10612.800000000001,,87,0.5,20,2017-10-14 20:42:45,Australia/Melbourne
2017-10-15 07:42:53+11:00,-37.848365837708116,144.97523540630937,7.221100000000001,37.799999999999955,2689,10.4148,10414.800000000001,,86,0.5,20,2017-10-14 20:42:53,Australia/Melbourne
2017-10-15 07:43:00+11:00,-37.848261231556535,144.97503960505128,7.241890000000001,37.60000000000002,2688,10.4148,10414.800000000001,,86,0.5,20,2017-10-14 20:43:00,Australia/Melbourne
2017-10-15 07:43:07+11:00,-37.84818755462766,144.97482150793076,7.26286,37.799999999999955,2689,10.4796,10479.6,,86,0.5,20,2017-10-14 20:43:07,Australia/Melbourne
2017-10-15 07:43:14+11:00,-37.84814338199794,144.9745919276029,7.28365,37.39999999999998,2687,10.5156,10515.6,,87,0.5,20,2017-10-14 20:43:14,Australia/Melbourne
2017-10-15 07:43:21+11:00,-37.848127288743854,144.9743493553251,7.30506,37.60000000000002,2688,10.580400000000001,10580.4,,87,0.5,20,2017-10-14 20:43:21,Australia/Melbourne
2017-10-15 07:43:29+11:00,-37.84813919104636,144.97409421019256,7.32756,37.60000000000002,2688,10.548,10548.0,,85,0.5,20,2017-10-14 20:43:29,Australia/Melbourne
2017-10-15 07:43:36+11:00,-37.84815578721464,144.97385440394282,7.34873,37.39999999999998,2687,10.548,10548.0,,84,0.5,19,2017-10-14 20:43:36,Australia/Melbourne
2017-10-15 07:43:43+11:00,-37.84813927486539,144.97361342422664,7.37008,37.60000000000002,2688,10.648800000000001,10648.800000000001,,86,0.5,20,2017-10-14 20:43:43,Australia/Melbourne
2017-10-15 07:43:50+11:00,-37.84809258766472,144.9733889568597,7.3906,37.39999999999998,2687,10.648800000000001,10648.800000000001,,86,0.5,20,2017-10-14 20:43:50,Australia/Melbourne
2017-10-15 07:43:57+11:00,-37.84800290130079,144.973180918023,7.41143,37.200000000000045,2686,10.648800000000001,10648.800000000001,,86,0.5,20,2017-10-14 20:43:57,Australia/Melbourne
2017-10-15 07:44:04+11:00,-37.847905000671744,144.97298025526106,7.432189999999999,37.60000000000002,2688,10.6128,10612.800000000001,,87,0.5,20,2017-10-14 20:44:04,Australia/Melbourne
2017-10-15 07:44:11+11:00,-37.84778689965606,144.97279099188745,7.45338,37.60000000000002,2688,10.548,10548.0,,86,0.5,19,2017-10-14 20:44:11,Australia/Melbourne
2017-10-15 07:44:18+11:00,-37.84765119664371,144.97262285090983,7.4745,37.60000000000002,2688,10.5156,10515.6,,85,0.5,19,2017-10-14 20:44:18,Australia/Melbourne
2017-10-15 07:44:25+11:00,-37.84752161242068,144.97244188562036,7.49595,37.799999999999955,2689,10.580400000000001,10580.4,,87,0.5,19,2017-10-14 20:44:25,Australia/Melbourne
2017-10-15 07:44:33+11:00,-37.8473945427686,144.9722464196384,7.51821,37.60000000000002,2688,10.4796,10479.6,,85,0.5,19,2017-10-14 20:44:33,Australia/Melbourne
2017-10-15 07:44:41+11:00,-37.84726286306977,144.97205371968448,7.54061,37.799999999999955,2689,10.3788,10378.800000000001,,85,0.5,19,2017-10-14 20:44:41,Australia/Melbourne
2017-10-15 07:44:48+11:00,-37.84712933935225,144.9718846566975,7.56161,37.39999999999998,2687,10.3788,10378.800000000001,,86,0.5,19,2017-10-14 20:44:48,Australia/Melbourne
2017-10-15 07:44:55+11:00,-37.84699187614024,144.9717252328992,7.58235,37.60000000000002,2688,10.4796,10479.6,,85,0.5,19,2017-10-14 20:44:55,Australia/Melbourne
2017-10-15 07:45:02+11:00,-37.84685097634792,144.97157880105078,7.60263,37.39999999999998,2687,10.4148,10414.800000000001,,86,0.5,19,2017-10-14 20:45:02,Australia/Melbourne
2017-10-15 07:45:09+11:00,-37.846701107919216,144.97143530286849,7.62352,37.39999999999998,2687,10.4472,10447.2,,84,0.5,19,2017-10-14 20:45:09,Australia/Melbourne
2017-10-15 07:45:16+11:00,-37.846545707434416,144.97129373252392,7.64478,37.39999999999998,2687,10.6128,10612.800000000001,,86,0.5,19,2017-10-14 20:45:16,Australia/Melbourne
2017-10-15 07:45:24+11:00,-37.84636708907783,144.97116532176733,7.66761,37.60000000000002,2688,10.5156,10515.6,,85,0.5,19,2017-10-14 20:45:24,Australia/Melbourne
2017-10-15 07:45:31+11:00,-37.84620054066181,144.97105577029288,7.688479999999999,37.60000000000002,2688,10.548,10548.0,,85,0.5,19,2017-10-14 20:45:31,Australia/Melbourne
2017-10-15 07:45:38+11:00,-37.84603047184646,144.97095535509288,7.70932,37.60000000000002,2688,10.580400000000001,10580.4,,86,0.5,19,2017-10-14 20:45:38,Australia/Melbourne
2017-10-15 07:45:45+11:00,-37.84585369750857,144.9708613101393,7.730659999999999,37.60000000000002,2688,10.648800000000001,10648.800000000001,,86,0.5,19,2017-10-14 20:45:45,Australia/Melbourne
2017-10-15 07:45:53+11:00,-37.845656303688884,144.97078964486718,7.7534600000000005,37.799999999999955,2689,10.5156,10515.6,,87,0.5,19,2017-10-14 20:45:53,Australia/Melbourne
2017-10-15 07:46:00+11:00,-37.84548036754131,144.97073558159173,7.77358,37.60000000000002,2688,10.4472,10447.2,,86,0.5,19,2017-10-14 20:46:00,Australia/Melbourne
2017-10-15 07:46:07+11:00,-37.8452926967293,144.97069459408522,7.79475,37.60000000000002,2688,10.5156,10515.6,,87,0.5,19,2017-10-14 20:46:07,Australia/Melbourne
2017-10-15 07:46:14+11:00,-37.84509957768023,144.97064044699073,7.81672,37.200000000000045,2686,10.580400000000001,10580.4,,86,0.5,19,2017-10-14 20:46:14,Australia/Melbourne
2017-10-15 07:46:21+11:00,-37.844919031485915,144.9706158041954,7.83688,37.39999999999998,2687,10.6128,10612.800000000001,,86,0.5,19,2017-10-14 20:46:21,Australia/Melbourne
2017-10-15 07:46:28+11:00,-37.84473462961614,144.97059744782746,7.85742,37.39999999999998,2687,10.5156,10515.6,,87,0.5,19,2017-10-14 20:46:28,Australia/Melbourne
2017-10-15 07:46:35+11:00,-37.844541762024164,144.9705981183797,7.878819999999999,37.60000000000002,2688,10.6128,10612.800000000001,,86,0.5,19,2017-10-14 20:46:35,Australia/Melbourne
2017-10-15 07:46:42+11:00,-37.84435534849763,144.97062309645116,7.89961,37.60000000000002,2688,10.648800000000001,10648.800000000001,,86,0.5,19,2017-10-14 20:46:42,Australia/Melbourne
2017-10-15 07:46:49+11:00,-37.844169521704316,144.97064631432295,7.92033,37.799999999999955,2689,10.648800000000001,10648.800000000001,,86,0.5,19,2017-10-14 20:46:49,Australia/Melbourne
2017-10-15 07:46:56+11:00,-37.84398662857711,144.9707056581974,7.9414,37.60000000000002,2688,10.6128,10612.800000000001,,86,0.5,19,2017-10-14 20:46:56,Australia/Melbourne
2017-10-15 07:47:03+11:00,-37.84380658529699,144.97075024992228,7.96175,37.39999999999998,2687,10.6812,10681.2,,87,0.5,19,2017-10-14 20:47:03,Australia/Melbourne
2017-10-15 07:47:10+11:00,-37.843621261417866,144.97079643420875,7.9827200000000005,37.60000000000002,2688,10.7136,10713.6,,86,0.5,19,2017-10-14 20:47:10,Australia/Melbourne
2017-10-15 07:47:16+11:00,-37.8434625081718,144.9708285368979,8.00057,37.39999999999998,2687,10.7136,10713.6,,87,0.5,19,2017-10-14 20:47:16,Australia/Melbourne
2017-10-15 07:47:24+11:00,-37.8432637732476,144.9708861205727,8.0232,37.60000000000002,2688,10.5156,10515.6,,86,0.5,19,2017-10-14 20:47:24,Australia/Melbourne
2017-10-15 07:47:31+11:00,-37.843083227053285,144.97093020938337,8.04362,37.39999999999998,2687,10.5156,10515.6,,85,0.5,19,2017-10-14 20:47:31,Australia/Melbourne
2017-10-15 07:47:38+11:00,-37.84289890900254,144.97097941115499,8.06452,37.39999999999998,2687,10.5156,10515.6,,85,0.5,19,2017-10-14 20:47:38,Australia/Melbourne
2017-10-15 07:47:45+11:00,-37.84272397868335,144.9710547644645,8.085090000000001,37.60000000000002,2688,10.580400000000001,10580.4,,87,0.5,19,2017-10-14 20:47:45,Australia/Melbourne
2017-10-15 07:47:52+11:00,-37.842554077506065,144.9711583647877,8.106060000000001,37.60000000000002,2688,10.6128,10612.800000000001,,85,0.5,19,2017-10-14 20:47:52,Australia/Melbourne
2017-10-15 07:47:59+11:00,-37.8423969168216,144.9712804891169,8.12656,38.0,2690,10.580400000000001,10580.4,,86,0.5,19,2017-10-14 20:47:59,Australia/Melbourne
2017-10-15 07:48:06+11:00,-37.842234559357166,144.97142407111824,8.14857,38.0,2690,10.7136,10713.6,,85,0.5,19,2017-10-14 20:48:06,Australia/Melbourne
2017-10-15 07:48:13+11:00,-37.842070274055004,144.97155181132257,8.170020000000001,37.799999999999955,2689,10.814400000000001,10814.4,,87,0.0,19,2017-10-14 20:48:13,Australia/Melbourne
2017-10-15 07:48:20+11:00,-37.84190649166703,144.9716570880264,8.190439999999999,37.60000000000002,2688,10.782,10782.0,,87,0.0,19,2017-10-14 20:48:20,Australia/Melbourne
2017-10-15 07:48:27+11:00,-37.84173307009041,144.97172967530787,8.21074,37.60000000000002,2688,10.782,10782.0,,87,0.5,19,2017-10-14 20:48:27,Australia/Melbourne
2017-10-15 07:48:35+11:00,-37.84152913838625,144.97175482101738,8.23358,37.799999999999955,2689,10.6128,10612.800000000001,,85,0.5,19,2017-10-14 20:48:35,Australia/Melbourne
2017-10-15 07:48:42+11:00,-37.84133995883167,144.97174945659935,8.25459,38.0,2690,10.648800000000001,10648.800000000001,,86,0.5,19,2017-10-14 20:48:42,Australia/Melbourne
2017-10-15 07:48:49+11:00,-37.841157987713814,144.971706205979,8.27515,37.60000000000002,2688,10.648800000000001,10648.800000000001,,85,0.5,20,2017-10-14 20:48:49,Australia/Melbourne
2017-10-15 07:48:56+11:00,-37.840971825644374,144.97166479937732,8.29613,37.60000000000002,2688,10.648800000000001,10648.800000000001,,85,0.5,20,2017-10-14 20:48:56,Australia/Melbourne
2017-10-15 07:49:04+11:00,-37.840770576149225,144.97163688763976,8.318620000000001,37.60000000000002,2688,10.580400000000001,10580.4,,87,0.5,20,2017-10-14 20:49:04,Australia/Melbourne
2017-10-15 07:49:11+11:00,-37.840585839003325,144.97159061953425,8.33953,37.60000000000002,2688,10.580400000000001,10580.4,,85,0.5,20,2017-10-14 20:49:11,Australia/Melbourne
2017-10-15 07:49:18+11:00,-37.8403954859823,144.97153672389686,8.3613,37.60000000000002,2688,10.782,10782.0,,86,0.0,20,2017-10-14 20:49:18,Australia/Melbourne
2017-10-15 07:49:25+11:00,-37.840206222608685,144.9714979995042,8.38257,37.799999999999955,2689,10.850399999999999,10850.4,,86,0.5,20,2017-10-14 20:49:25,Australia/Melbourne
2017-10-15 07:49:32+11:00,-37.840020060539246,144.97145106084645,8.40364,37.39999999999998,2687,10.882800000000001,10882.800000000001,,88,0.0,20,2017-10-14 20:49:32,Australia/Melbourne
2017-10-15 07:49:39+11:00,-37.839840184897184,144.97138367034495,8.42449,37.60000000000002,2688,10.882800000000001,10882.800000000001,,87,0.5,20,2017-10-14 20:49:39,Australia/Melbourne
2017-10-15 07:49:47+11:00,-37.83964321017265,144.97130781412125,8.44736,37.39999999999998,2687,10.749600000000001,10749.6,,86,0.5,20,2017-10-14 20:49:47,Australia/Melbourne
2017-10-15 07:49:55+11:00,-37.83945788629353,144.97119884938002,8.47008,37.39999999999998,2687,10.580400000000001,10580.4,,86,0.5,20,2017-10-14 20:49:55,Australia/Melbourne
2017-10-15 07:50:02+11:00,-37.83929913304746,144.9710724502802,8.49094,37.200000000000045,2686,10.6128,10612.800000000001,,87,0.5,20,2017-10-14 20:50:02,Australia/Melbourne
2017-10-15 07:50:09+11:00,-37.83915161155164,144.97094160877168,8.51098,37.200000000000045,2686,10.580400000000001,10580.4,,86,0.5,20,2017-10-14 20:50:09,Australia/Melbourne
2017-10-15 07:50:16+11:00,-37.83902118913829,144.97077656909823,8.5315,37.39999999999998,2687,10.6128,10612.800000000001,,87,0.5,20,2017-10-14 20:50:16,Australia/Melbourne
2017-10-15 07:50:24+11:00,-37.83889705315232,144.97057280503213,8.55409,37.60000000000002,2688,10.4472,10447.2,,87,0.0,20,2017-10-14 20:50:24,Australia/Melbourne
2017-10-15 07:50:31+11:00,-37.83879269845784,144.970374237746,8.57507,37.60000000000002,2688,10.5156,10515.6,,87,0.5,20,2017-10-14 20:50:31,Australia/Melbourne
2017-10-15 07:50:38+11:00,-37.838715417310596,144.97016661800444,8.59525,37.60000000000002,2688,10.4796,10479.6,,86,0.5,20,2017-10-14 20:50:38,Australia/Melbourne
2017-10-15 07:50:45+11:00,-37.83864819444716,144.96994692832232,8.61605,37.799999999999955,2689,10.5156,10515.6,,87,0.5,20,2017-10-14 20:50:45,Australia/Melbourne
2017-10-15 07:50:53+11:00,-37.838593292981386,144.9697026796639,8.638459999999998,37.39999999999998,2687,10.4472,10447.2,,86,0.5,20,2017-10-14 20:50:53,Australia/Melbourne
2017-10-15 07:51:00+11:00,-37.838573176413774,144.96946815401316,8.65925,37.39999999999998,2687,10.4472,10447.2,,86,0.5,20,2017-10-14 20:51:00,Australia/Melbourne
2017-10-15 07:51:07+11:00,-37.838568482548,144.96923689730465,8.67969,37.200000000000045,2686,10.4472,10447.2,,85,0.5,20,2017-10-14 20:51:07,Australia/Melbourne
2017-10-15 07:51:14+11:00,-37.83854107372463,144.96900773607194,8.70031,37.39999999999998,2687,10.4472,10447.2,,87,0.5,20,2017-10-14 20:51:14,Australia/Melbourne
2017-10-15 07:51:21+11:00,-37.83849572762847,144.96877262368798,8.721680000000001,37.60000000000002,2688,10.4472,10447.2,,86,0.5,20,2017-10-14 20:51:21,Australia/Melbourne
2017-10-15 07:51:28+11:00,-37.83842473290861,144.96854815632105,8.74298,37.39999999999998,2687,10.548,10548.0,,86,0.5,20,2017-10-14 20:51:28,Australia/Melbourne
2017-10-15 07:51:35+11:00,-37.83832280896604,144.96834774501622,8.76394,37.39999999999998,2687,10.580400000000001,10580.4,,86,0.5,20,2017-10-14 20:51:35,Australia/Melbourne
2017-10-15 07:51:42+11:00,-37.838209653273225,144.96815755963326,8.78486,37.200000000000045,2686,10.6128,10612.800000000001,,86,0.5,20,2017-10-14 20:51:42,Australia/Melbourne
2017-10-15 07:51:49+11:00,-37.83808526583016,144.96798313222826,8.80556,37.200000000000045,2686,10.580400000000001,10580.4,,86,0.5,20,2017-10-14 20:51:49,Australia/Melbourne
2017-10-15 07:51:52+11:00,-37.8380502294749,144.9678944516927,8.81434,37.0,2685,10.580400000000001,10580.4,,85,0.5,20,2017-10-14 20:51:52,Australia/Melbourne
2017-10-15 07:51:54+11:00,-37.838047463446856,144.9678270611912,8.82028,36.799999999999955,2684,10.580400000000001,10580.4,,87,0.5,20,2017-10-14 20:51:54,Australia/Melbourne
2017-10-15 07:52:01+11:00,-37.83810923807323,144.96760686859488,8.840950000000001,36.799999999999955,2684,10.6128,10612.800000000001,,87,0.5,20,2017-10-14 20:52:01,Australia/Melbourne
2017-10-15 07:52:08+11:00,-37.83821577206254,144.96739790774882,8.86282,37.0,2685,10.6812,10681.2,,85,0.5,20,2017-10-14 20:52:08,Australia/Melbourne
2017-10-15 07:52:13+11:00,-37.83827603794634,144.96727796271443,8.87533,37.200000000000045,2686,10.548,10548.0,,85,0.5,20,2017-10-14 20:52:13,Australia/Melbourne
2017-10-15 07:52:22+11:00,-37.83839506097138,144.96707419864833,8.89784,37.200000000000045,2686,10.177200000000001,10177.2,,84,0.5,20,2017-10-14 20:52:22,Australia/Melbourne
2017-10-15 07:52:30+11:00,-37.838467648252845,144.9668467976153,8.91942,37.0,2685,10.044,10044.0,,86,0.5,20,2017-10-14 20:52:30,Australia/Melbourne
2017-10-15 07:52:37+11:00,-37.8385095577687,144.96662358753383,8.93961,37.39999999999998,2687,10.044,10044.0,,87,0.5,20,2017-10-14 20:52:37,Australia/Melbourne
2017-10-15 07:52:44+11:00,-37.83857963047922,144.96639903634787,8.96086,37.200000000000045,2686,10.177200000000001,10177.2,,87,0.5,20,2017-10-14 20:52:44,Australia/Melbourne
2017-10-15 07:52:51+11:00,-37.83864542841911,144.96617297641933,8.98208,37.200000000000045,2686,10.278,10278.0,,86,0.5,20,2017-10-14 20:52:51,Australia/Melbourne
2017-10-15 07:52:58+11:00,-37.838714411482215,144.96595890261233,9.002469999999999,37.200000000000045,2686,10.314000000000002,10314.0,,86,0.5,20,2017-10-14 20:52:58,Australia/Melbourne
2017-10-15 07:53:05+11:00,-37.838797057047486,144.96574357151985,9.023520000000001,37.39999999999998,2687,10.3788,10378.800000000001,,87,0.5,20,2017-10-14 20:53:05,Australia/Melbourne
2017-10-15 07:53:12+11:00,-37.838871320709586,144.96552756987512,9.04424,37.39999999999998,2687,10.4472,10447.2,,87,0.5,20,2017-10-14 20:53:12,Australia/Melbourne
2017-10-15 07:53:20+11:00,-37.83895472064614,144.96529262512922,9.06701,37.60000000000002,2688,10.4148,10414.800000000001,,87,0.5,20,2017-10-14 20:53:20,Australia/Melbourne
2017-10-15 07:53:27+11:00,-37.83905329182744,144.96507628820837,9.08901,37.39999999999998,2687,10.5156,10515.6,,87,0.5,20,2017-10-14 20:53:27,Australia/Melbourne
2017-10-15 07:53:34+11:00,-37.83917600288987,144.96488652192056,9.11058,37.60000000000002,2688,10.580400000000001,10580.4,,86,0.5,20,2017-10-14 20:53:34,Australia/Melbourne
2017-10-15 07:53:41+11:00,-37.83930147998035,144.96469994075596,9.13211,37.799999999999955,2689,10.6812,10681.2,,86,0.5,20,2017-10-14 20:53:41,Australia/Melbourne
2017-10-15 07:53:49+11:00,-37.8394215926528,144.96448762714863,9.155149999999999,37.60000000000002,2688,10.6128,10612.800000000001,,88,0.0,20,2017-10-14 20:53:49,Australia/Melbourne
2017-10-15 07:53:56+11:00,-37.839541705325246,144.964306242764,9.17601,37.799999999999955,2689,10.6128,10612.800000000001,,85,0.5,20,2017-10-14 20:53:56,Australia/Melbourne
2017-10-15 07:54:03+11:00,-37.839658968150616,144.96411345899105,9.19736,37.799999999999955,2689,10.6812,10681.2,,87,0.5,20,2017-10-14 20:54:03,Australia/Melbourne
2017-10-15 07:54:11+11:00,-37.839766424149275,144.96391162276268,9.218860000000001,37.799999999999955,2689,10.580400000000001,10580.4,,86,0.5,20,2017-10-14 20:54:11,Australia/Melbourne
2017-10-15 07:54:18+11:00,-37.839933056384325,144.96377524919808,9.241,37.60000000000002,2688,10.6812,10681.2,,87,0.5,20,2017-10-14 20:54:18,Australia/Melbourne
2017-10-15 07:54:26+11:00,-37.8401296120137,144.96370249427855,9.263819999999999,37.60000000000002,2688,10.648800000000001,10648.800000000001,,87,0.5,20,2017-10-14 20:54:26,Australia/Melbourne
2017-10-15 07:54:34+11:00,-37.84032750874758,144.96368237771094,9.285879999999999,37.60000000000002,2688,10.4148,10414.800000000001,,87,0.5,20,2017-10-14 20:54:34,Australia/Melbourne
2017-10-15 07:54:41+11:00,-37.84051316790283,144.9636788573116,9.306479999999999,37.799999999999955,2689,10.4472,10447.2,,87,0.5,20,2017-10-14 20:54:41,Australia/Melbourne
2017-10-15 07:54:48+11:00,-37.840696731582284,144.9635963793844,9.3282,37.799999999999955,2689,10.4796,10479.6,,86,0.5,20,2017-10-14 20:54:48,Australia/Melbourne
2017-10-15 07:54:54+11:00,-37.84086772240698,144.9635120574385,9.34865,37.200000000000045,2686,10.6128,10612.800000000001,,86,0.5,20,2017-10-14 20:54:54,Australia/Melbourne
2017-10-15 07:55:01+11:00,-37.8410361148417,144.96341021731496,9.369399999999999,37.0,2685,10.6812,10681.2,,86,0.5,20,2017-10-14 20:55:01,Australia/Melbourne
2017-10-15 07:55:03+11:00,-37.841081293299794,144.9633905198425,9.374690000000001,36.799999999999955,2684,10.648800000000001,10648.800000000001,,86,0.5,20,2017-10-14 20:55:03,Australia/Melbourne
2017-10-15 07:55:10+11:00,-37.84125991165638,144.96331575326622,9.3956,36.799999999999955,2684,10.6812,10681.2,,87,0.5,20,2017-10-14 20:55:10,Australia/Melbourne
2017-10-15 07:55:17+11:00,-37.84143081866205,144.96319631114602,9.417290000000001,36.200000000000045,2681,10.6812,10681.2,,88,0.5,20,2017-10-14 20:55:17,Australia/Melbourne
2017-10-15 07:55:25+11:00,-37.84161329269409,144.96308357454836,9.43984,36.39999999999998,2682,10.6128,10612.800000000001,,87,0.5,20,2017-10-14 20:55:25,Australia/Melbourne
2017-10-15 07:55:32+11:00,-37.84178621135652,144.96299598366022,9.46057,36.200000000000045,2681,10.6128,10612.800000000001,,87,0.5,20,2017-10-14 20:55:32,Australia/Melbourne
2017-10-15 07:55:40+11:00,-37.84197287634015,144.96288291178644,9.4837,36.799999999999955,2684,10.5156,10515.6,,86,0.5,20,2017-10-14 20:55:40,Australia/Melbourne
2017-10-15 07:55:47+11:00,-37.84209173172712,144.962694151327,9.50555,37.0,2685,10.648800000000001,10648.800000000001,,84,0.5,20,2017-10-14 20:55:47,Australia/Melbourne
2017-10-15 07:55:54+11:00,-37.84215518273413,144.96247068978846,9.526459999999998,36.799999999999955,2684,10.648800000000001,10648.800000000001,,87,0.5,20,2017-10-14 20:55:54,Australia/Melbourne
2017-10-15 07:56:01+11:00,-37.84221519716084,144.96225049719214,9.5472,37.0,2685,10.6812,10681.2,,85,0.5,20,2017-10-14 20:56:01,Australia/Melbourne
2017-10-15 07:56:08+11:00,-37.842378141358495,144.96216441504657,9.56799,36.799999999999955,2684,10.782,10782.0,,87,0.5,20,2017-10-14 20:56:08,Australia/Melbourne
2017-10-15 07:56:16+11:00,-37.842553071677685,144.96225954964757,9.58919,36.60000000000002,2683,10.346400000000001,10346.4,,86,0.5,20,2017-10-14 20:56:16,Australia/Melbourne
2017-10-15 07:56:24+11:00,-37.84272842109203,144.96236407198012,9.61077,36.60000000000002,2683,10.177200000000001,10177.2,,86,0.5,20,2017-10-14 20:56:24,Australia/Melbourne
2017-10-15 07:56:31+11:00,-37.842888263985515,144.96247823350132,9.63116,36.60000000000002,2683,10.314000000000002,10314.0,,86,0.5,20,2017-10-14 20:56:31,Australia/Melbourne
2017-10-15 07:56:38+11:00,-37.84304827451706,144.9625986814499,9.65185,36.60000000000002,2683,10.346400000000001,10346.4,,87,0.5,20,2017-10-14 20:56:38,Australia/Melbourne
2017-10-15 07:56:45+11:00,-37.843214152380824,144.96271720156074,9.673020000000001,36.60000000000002,2683,10.4796,10479.6,,86,0.5,20,2017-10-14 20:56:45,Australia/Melbourne
2017-10-15 07:56:52+11:00,-37.84336888231337,144.96284703724086,9.693670000000001,36.60000000000002,2683,10.4796,10479.6,,86,0.5,20,2017-10-14 20:56:52,Australia/Melbourne
2017-10-15 07:56:59+11:00,-37.84352956339717,144.96296748518944,9.71448,36.60000000000002,2683,10.548,10548.0,,87,0.5,20,2017-10-14 20:56:59,Australia/Melbourne
2017-10-15 07:57:07+11:00,-37.84370315261185,144.96310092508793,9.73703,36.60000000000002,2683,10.4796,10479.6,,87,0.5,20,2017-10-14 20:57:07,Australia/Melbourne
2017-10-15 07:57:15+11:00,-37.84387447871268,144.9632456805557,9.75994,36.799999999999955,2684,10.3788,10378.800000000001,,87,0.5,20,2017-10-14 20:57:15,Australia/Melbourne
2017-10-15 07:57:23+11:00,-37.844043374061584,144.96338984929025,9.78258,37.0,2685,10.346400000000001,10346.4,,87,0.5,20,2017-10-14 20:57:23,Australia/Melbourne
2017-10-15 07:57:30+11:00,-37.84419567324221,144.96352127753198,9.803049999999999,37.0,2685,10.3788,10378.800000000001,,85,0.5,20,2017-10-14 20:57:30,Australia/Melbourne
2017-10-15 07:57:37+11:00,-37.844347385689616,144.96366846375167,9.8243,37.0,2685,10.4796,10479.6,,87,0.5,20,2017-10-14 20:57:37,Australia/Melbourne
2017-10-15 07:57:44+11:00,-37.844495829194784,144.9638128001243,9.8451,37.200000000000045,2686,10.548,10548.0,,88,0.5,20,2017-10-14 20:57:44,Australia/Melbourne
2017-10-15 07:57:52+11:00,-37.84464796073735,144.96398739516735,9.86794,37.200000000000045,2686,10.4796,10479.6,,86,0.5,20,2017-10-14 20:57:52,Australia/Melbourne
2017-10-15 07:57:59+11:00,-37.84478601068258,144.9641355033964,9.88805,37.200000000000045,2686,10.4148,10414.800000000001,,86,0.5,20,2017-10-14 20:57:59,Australia/Melbourne
2017-10-15 07:58:07+11:00,-37.84493889659643,144.96429341845214,9.91004,37.0,2685,10.4148,10414.800000000001,,87,0.5,20,2017-10-14 20:58:07,Australia/Melbourne
2017-10-15 07:58:15+11:00,-37.84509018994868,144.9644473940134,9.931610000000001,37.39999999999998,2687,10.1448,10144.800000000001,,86,0.5,20,2017-10-14 20:58:15,Australia/Melbourne
2017-10-15 07:58:22+11:00,-37.84521742723882,144.96461251750588,9.95188,37.200000000000045,2686,10.245600000000001,10245.6,,85,0.5,21,2017-10-14 20:58:22,Australia/Melbourne
2017-10-15 07:58:29+11:00,-37.845345167443156,144.96478954330087,9.97295,37.200000000000045,2686,10.346400000000001,10346.4,,86,0.5,21,2017-10-14 20:58:29,Australia/Melbourne
2017-10-15 07:58:37+11:00,-37.84549000672996,144.96497226879,9.995709999999999,37.39999999999998,2687,10.4148,10414.800000000001,,88,0.5,21,2017-10-14 20:58:37,Australia/Melbourne
2017-10-15 07:58:39+11:00,-37.8455260489136,144.96501459740102,10.00117,37.0,2685,9.9756,9975.6,,88,0.5,21,2017-10-14 20:58:39,Australia/Melbourne
2017-10-15 07:58:47+11:00,-37.845670050010085,144.96519841253757,10.02394,37.200000000000045,2686,11.016,11016.0,,88,0.5,21,2017-10-14 20:58:47,Australia/Melbourne
2017-10-15 07:58:55+11:00,-37.845812542364,144.96538365259767,10.04664,36.799999999999955,2684,10.3788,10378.800000000001,,86,0.5,21,2017-10-14 20:58:55,Australia/Melbourne
2017-10-15 07:59:02+11:00,-37.84593349322677,144.9655579123646,10.06704,37.0,2685,10.4796,10479.6,,87,0.5,21,2017-10-14 20:59:02,Australia/Melbourne
2017-10-15 07:59:09+11:00,-37.84606358036399,144.96572144329548,10.08743,36.799999999999955,2684,10.4472,10447.2,,88,0.5,21,2017-10-14 20:59:09,Australia/Melbourne
2017-10-15 07:59:11+11:00,-37.84610079601407,144.96577341109514,10.09359,36.60000000000002,2683,10.5156,10515.6,,88,0.5,21,2017-10-14 20:59:11,Australia/Melbourne
2017-10-15 07:59:18+11:00,-37.8462322242558,144.96594658121467,10.114700000000001,36.799999999999955,2684,10.6812,10681.2,,87,0.5,21,2017-10-14 20:59:18,Australia/Melbourne
2017-10-15 07:59:26+11:00,-37.84638854674995,144.96611623093486,10.13759,36.60000000000002,2683,10.548,10548.0,,88,0.5,21,2017-10-14 20:59:26,Australia/Melbourne
2017-10-15 07:59:33+11:00,-37.846496840938926,144.96629744768143,10.15802,36.799999999999955,2684,10.5156,10515.6,,86,0.5,21,2017-10-14 20:59:33,Australia/Melbourne
2017-10-15 07:59:40+11:00,-37.84654947929084,144.96653172187507,10.179469999999998,36.60000000000002,2683,10.548,10548.0,,86,0.5,21,2017-10-14 20:59:40,Australia/Melbourne
2017-10-15 07:59:48+11:00,-37.846647296100855,144.96673758141696,10.200809999999999,36.39999999999998,2682,10.3788,10378.800000000001,,85,0.5,21,2017-10-14 20:59:48,Australia/Melbourne
2017-10-15 07:59:56+11:00,-37.846769001334906,144.9669475480914,10.22375,36.200000000000045,2681,10.346400000000001,10346.4,,86,0.5,21,2017-10-14 20:59:56,Australia/Melbourne
2017-10-15 08:00:03+11:00,-37.846879893913865,144.96713798493147,10.244549999999998,36.200000000000045,2681,10.4148,10414.800000000001,,87,0.5,21,2017-10-14 21:00:03,Australia/Melbourne
2017-10-15 08:00:10+11:00,-37.84699061885476,144.96732565574348,10.26517,36.200000000000045,2681,10.4472,10447.2,,88,0.5,21,2017-10-14 21:00:10,Australia/Melbourne
2017-10-15 08:00:18+11:00,-37.84708131104708,144.96752229519188,10.28523,36.200000000000045,2681,10.177200000000001,10177.2,,86,0.5,21,2017-10-14 21:00:18,Australia/Melbourne
2017-10-15 08:00:25+11:00,-37.847187258303165,144.9677239637822,10.30655,36.0,2680,10.177200000000001,10177.2,,87,0.5,21,2017-10-14 21:00:25,Australia/Melbourne
2017-10-15 08:00:32+11:00,-37.847292283549905,144.96793552301824,10.328520000000001,36.0,2680,10.3788,10378.800000000001,,86,0.5,21,2017-10-14 21:00:32,Australia/Melbourne
2017-10-15 08:00:39+11:00,-37.847393872216344,144.96812847442925,10.348930000000001,35.799999999999955,2679,10.4796,10479.6,,86,0.5,21,2017-10-14 21:00:39,Australia/Melbourne
2017-10-15 08:00:47+11:00,-37.8474894259125,144.96834229677916,10.370610000000001,36.0,2680,10.4148,10414.800000000001,,86,0.5,21,2017-10-14 21:00:47,Australia/Melbourne
2017-10-15 08:00:54+11:00,-37.84758313558996,144.96854580938816,10.39133,36.0,2680,10.4796,10479.6,,86,0.5,21,2017-10-14 21:00:54,Australia/Melbourne
2017-10-15 08:01:01+11:00,-37.84769872203469,144.9687219131738,10.411610000000001,36.0,2680,10.4796,10479.6,,86,0.5,21,2017-10-14 21:01:01,Australia/Melbourne
2017-10-15 08:01:07+11:00,-37.84778505563736,144.9688725359738,10.427950000000001,35.799999999999955,2679,10.346400000000001,10346.4,,86,0.5,21,2017-10-14 21:01:07,Australia/Melbourne
2017-10-15 08:01:14+11:00,-37.847887398675084,144.96906087733805,10.448049999999999,35.799999999999955,2679,10.314000000000002,10314.0,,85,0.5,21,2017-10-14 21:01:14,Australia/Melbourne
2017-10-15 08:01:21+11:00,-37.847981275990605,144.96926707215607,10.46898,36.0,2680,10.580400000000001,10580.4,,86,0.5,21,2017-10-14 21:01:21,Australia/Melbourne
2017-10-15 08:01:28+11:00,-37.848079930990934,144.96946999803185,10.489930000000001,36.200000000000045,2681,10.4472,10447.2,,85,0.0,21,2017-10-14 21:01:28,Australia/Melbourne
2017-10-15 08:01:35+11:00,-37.84819878637791,144.96965951286256,10.5112,36.0,2680,10.5156,10515.6,,87,0.5,21,2017-10-14 21:01:35,Australia/Melbourne
2017-10-15 08:01:43+11:00,-37.84834010526538,144.96984190307558,10.53366,36.0,2680,10.548,10548.0,,86,0.5,21,2017-10-14 21:01:43,Australia/Melbourne
2017-10-15 08:01:51+11:00,-37.84846633672714,144.9700444098562,10.556379999999999,36.0,2680,10.4796,10479.6,,86,0.5,21,2017-10-14 21:01:51,Australia/Melbourne
2017-10-15 08:01:58+11:00,-37.848581336438656,144.97022973373532,10.57714,36.200000000000045,2681,10.5156,10515.6,,87,0.5,21,2017-10-14 21:01:58,Australia/Melbourne
2017-10-15 08:02:05+11:00,-37.848700527101755,144.9703987967223,10.59708,36.799999999999955,2684,10.4148,10414.800000000001,,87,0.5,22,2017-10-14 21:02:05,Australia/Melbourne
2017-10-15 08:02:13+11:00,-37.84884452819824,144.9705785047263,10.6196,36.200000000000045,2681,10.3788,10378.800000000001,,86,0.5,22,2017-10-14 21:02:13,Australia/Melbourne
2017-10-15 08:02:20+11:00,-37.848973693326116,144.97074941173196,10.64042,36.0,2680,10.4148,10414.800000000001,,87,0.5,22,2017-10-14 21:02:20,Australia/Melbourne
2017-10-15 08:02:27+11:00,-37.84910243935883,144.97092383913696,10.66142,36.200000000000045,2681,10.5156,10515.6,,86,0.5,22,2017-10-14 21:02:27,Australia/Melbourne
2017-10-15 08:02:35+11:00,-37.84922615624964,144.97110614553094,10.682559999999999,36.0,2680,10.346400000000001,10346.4,,86,0.5,22,2017-10-14 21:02:35,Australia/Melbourne
2017-10-15 08:02:43+11:00,-37.84936579875648,144.97128644026816,10.70481,36.0,2680,10.278,10278.0,,86,0.5,22,2017-10-14 21:02:43,Australia/Melbourne
2017-10-15 08:02:50+11:00,-37.84950007684529,144.97145256958902,10.72564,36.200000000000045,2681,10.245600000000001,10245.6,,86,0.5,22,2017-10-14 21:02:50,Australia/Melbourne
2017-10-15 08:02:57+11:00,-37.849633349105716,144.9716195371002,10.74661,36.200000000000045,2681,10.346400000000001,10346.4,,87,0.5,22,2017-10-14 21:02:57,Australia/Melbourne
2017-10-15 08:03:04+11:00,-37.84975505433977,144.971804022789,10.76776,36.0,2680,10.4796,10479.6,,87,0.5,22,2017-10-14 21:03:04,Australia/Melbourne
2017-10-15 08:03:12+11:00,-37.84989788196981,144.9719813838601,10.7901,36.0,2680,10.346400000000001,10346.4,,86,0.5,22,2017-10-14 21:03:12,Australia/Melbourne
2017-10-15 08:03:20+11:00,-37.85005764104426,144.97214508242905,10.81298,36.0,2680,10.278,10278.0,,86,0.5,22,2017-10-14 21:03:20,Australia/Melbourne
2017-10-15 08:03:27+11:00,-37.85019795410335,144.97230743989348,10.83412,35.799999999999955,2679,10.4148,10414.800000000001,,87,0.5,22,2017-10-14 21:03:27,Australia/Melbourne
2017-10-15 08:03:35+11:00,-37.85033826716244,144.97248698025942,10.856290000000001,35.799999999999955,2679,10.314000000000002,10314.0,,85,0.5,22,2017-10-14 21:03:35,Australia/Melbourne
2017-10-15 08:03:36+11:00,-37.85036014392972,144.9725012294948,10.859020000000001,35.60000000000002,2678,10.278,10278.0,,85,0.5,22,2017-10-14 21:03:36,Australia/Melbourne
2017-10-15 08:03:43+11:00,-37.850510347634554,144.97263953089714,10.87968,35.799999999999955,2679,10.314000000000002,10314.0,,86,0.5,22,2017-10-14 21:03:43,Australia/Melbourne
2017-10-15 08:03:50+11:00,-37.85066029988229,144.97278621420264,10.90084,35.799999999999955,2679,10.5156,10515.6,,86,0.5,22,2017-10-14 21:03:50,Australia/Melbourne
2017-10-15 08:03:57+11:00,-37.850806061178446,144.97292392887175,10.92108,35.60000000000002,2678,10.5156,10515.6,,88,0.5,22,2017-10-14 21:03:57,Australia/Melbourne
2017-10-15 08:04:04+11:00,-37.85095626488328,144.9730623140931,10.94174,35.60000000000002,2678,10.6128,10612.800000000001,,87,0.5,22,2017-10-14 21:04:04,Australia/Melbourne
2017-10-15 08:04:11+11:00,-37.85110076889396,144.97321880422533,10.962909999999999,35.200000000000045,2676,10.6812,10681.2,,86,0.5,21,2017-10-14 21:04:11,Australia/Melbourne
2017-10-15 08:04:18+11:00,-37.85124300979078,144.97336263768375,10.983139999999999,35.60000000000002,2678,10.580400000000001,10580.4,,85,0.5,21,2017-10-14 21:04:18,Australia/Melbourne
2017-10-15 08:04:24+11:00,-37.851369408890605,144.97348769567907,11.00099,35.200000000000045,2676,10.6128,10612.800000000001,,88,0.5,21,2017-10-14 21:04:24,Australia/Melbourne
2017-10-15 08:04:32+11:00,-37.851533107459545,144.97363463044167,11.023290000000001,35.60000000000002,2678,10.5156,10515.6,,87,0.5,21,2017-10-14 21:04:32,Australia/Melbourne
2017-10-15 08:04:40+11:00,-37.85170284099877,144.9737689923495,11.04557,35.799999999999955,2679,9.8748,9874.800000000001,,86,0.5,21,2017-10-14 21:04:40,Australia/Melbourne
2017-10-15 08:04:47+11:00,-37.85185539163649,144.97389128431678,11.065629999999999,36.0,2680,10.4472,10447.2,,86,0.5,21,2017-10-14 21:04:47,Australia/Melbourne
2017-10-15 08:04:54+11:00,-37.8520274721086,144.9739954713732,11.08742,36.200000000000045,2681,10.4796,10479.6,,85,0.5,21,2017-10-14 21:04:54,Australia/Melbourne
2017-10-15 08:05:01+11:00,-37.852204916998744,144.97387343086302,11.110209999999999,36.60000000000002,2683,10.6812,10681.2,,87,0.5,21,2017-10-14 21:05:01,Australia/Melbourne
2017-10-15 08:05:08+11:00,-37.852359395474195,144.9737108219415,11.132530000000001,36.39999999999998,2682,10.814400000000001,10814.4,,87,0.5,21,2017-10-14 21:05:08,Australia/Melbourne
2017-10-15 08:05:16+11:00,-37.85249937325716,144.97353832237422,11.15427,36.0,2680,10.4796,10479.6,,87,0.5,21,2017-10-14 21:05:16,Australia/Melbourne
2017-10-15 08:05:24+11:00,-37.85264002159238,144.97335341759026,11.177010000000001,35.799999999999955,2679,10.814400000000001,10814.4,,86,0.5,21,2017-10-14 21:05:24,Australia/Melbourne
2017-10-15 08:05:31+11:00,-37.85274253226817,144.9731550179422,11.19789,35.60000000000002,2678,11.016,11016.0,,87,0.5,21,2017-10-14 21:05:31,Australia/Melbourne
2017-10-15 08:05:38+11:00,-37.85280120559037,144.9729365017265,11.21826,35.60000000000002,2678,10.9152,10915.2,,85,0.5,21,2017-10-14 21:05:38,Australia/Melbourne
2017-10-15 08:05:45+11:00,-37.85279156640172,144.97270876541734,11.23845,35.39999999999998,2677,10.749600000000001,10749.6,,87,0.5,21,2017-10-14 21:05:45,Australia/Melbourne
2017-10-15 08:05:52+11:00,-37.85271277651191,144.97249284759164,11.259469999999999,35.799999999999955,2679,10.749600000000001,10749.6,,85,0.5,21,2017-10-14 21:05:52,Australia/Melbourne
2017-10-15 08:05:59+11:00,-37.85256542265415,144.97232001274824,11.28179,36.0,2680,10.882800000000001,10882.800000000001,,86,0.5,21,2017-10-14 21:05:59,Australia/Melbourne
2017-10-15 08:06:06+11:00,-37.852430222555995,144.97215664945543,11.30256,36.0,2680,10.850399999999999,10850.4,,84,0.5,21,2017-10-14 21:06:06,Australia/Melbourne
2017-10-15 08:06:13+11:00,-37.85229803994298,144.97199806384742,11.32283,36.0,2680,10.648800000000001,10648.800000000001,,86,0.5,21,2017-10-14 21:06:13,Australia/Melbourne
2017-10-15 08:06:20+11:00,-37.85217524506152,144.9718212056905,11.34352,35.799999999999955,2679,10.648800000000001,10648.800000000001,,85,0.5,21,2017-10-14 21:06:20,Australia/Melbourne
2017-10-15 08:06:28+11:00,-37.85203509964049,144.97163663618267,11.366040000000002,36.0,2680,10.548,10548.0,,86,0.5,21,2017-10-14 21:06:28,Australia/Melbourne
2017-10-15 08:06:36+11:00,-37.85189403221011,144.97146430425346,11.38785,36.200000000000045,2681,10.314000000000002,10314.0,,85,0.5,21,2017-10-14 21:06:36,Australia/Melbourne
2017-10-15 08:06:44+11:00,-37.85174299031496,144.97128719463944,11.41074,36.200000000000045,2681,10.314000000000002,10314.0,,86,0.5,21,2017-10-14 21:06:44,Australia/Melbourne
2017-10-15 08:06:52+11:00,-37.85158951766789,144.97111729346216,11.43343,36.39999999999998,2682,10.346400000000001,10346.4,,87,0.5,21,2017-10-14 21:06:52,Australia/Melbourne
2017-10-15 08:07:00+11:00,-37.85145121626556,144.97094554826617,11.454979999999999,36.200000000000045,2681,10.0764,10076.4,,86,0.5,21,2017-10-14 21:07:00,Australia/Melbourne
2017-10-15 08:07:07+11:00,-37.851323056966066,144.97078419663012,11.47508,36.60000000000002,2683,10.0764,10076.4,,86,0.5,21,2017-10-14 21:07:07,Australia/Melbourne
2017-10-15 08:07:14+11:00,-37.851188611239195,144.9706261139363,11.495479999999999,36.60000000000002,2683,10.314000000000002,10314.0,,84,0.5,21,2017-10-14 21:07:14,Australia/Melbourne
2017-10-15 08:07:22+11:00,-37.8510485496372,144.9704469088465,11.51765,36.60000000000002,2683,10.0764,10076.4,,85,0.5,21,2017-10-14 21:07:22,Australia/Melbourne
2017-10-15 08:07:28+11:00,-37.85093673504889,144.97031799517572,11.534469999999999,36.799999999999955,2684,10.011600000000001,10011.6,,85,0.5,21,2017-10-14 21:07:28,Australia/Melbourne
2017-10-15 08:07:36+11:00,-37.85079591907561,144.97013652697206,11.55684,36.799999999999955,2684,10.011600000000001,10011.6,,85,0.5,21,2017-10-14 21:07:36,Australia/Melbourne
2017-10-15 08:07:46+11:00,-37.850665748119354,144.9699603393674,11.57807,37.200000000000045,2686,7.0524000000000004,7052.400000000001,,77,0.0,21,2017-10-14 21:07:46,Australia/Melbourne
2017-10-15 08:07:58+11:00,-37.85052350722253,144.9698232114315,11.59819,36.799999999999955,2684,6.1488,6148.8,,0,0.0,21,2017-10-14 21:07:58,Australia/Melbourne
2017-10-15 08:08:06+11:00,-37.85040917806327,144.96964568272233,11.618319999999999,36.60000000000002,2683,9.1692,9169.2,,82,0.0,21,2017-10-14 21:08:06,Australia/Melbourne
2017-10-15 08:08:14+11:00,-37.850266601890326,144.9694534856826,11.64149,36.39999999999998,2682,9.9108,9910.800000000001,,84,0.5,21,2017-10-14 21:08:14,Australia/Melbourne
2017-10-15 08:08:21+11:00,-37.85013441927731,144.9692790582776,11.66274,36.60000000000002,2683,10.346400000000001,10346.4,,86,0.5,21,2017-10-14 21:08:21,Australia/Melbourne
2017-10-15 08:08:28+11:00,-37.84999905154109,144.96911980211735,11.68328,36.39999999999998,2682,10.4796,10479.6,,87,0.5,21,2017-10-14 21:08:28,Australia/Melbourne
2017-10-15 08:08:36+11:00,-37.84986728802323,144.96894889511168,11.70426,36.200000000000045,2681,10.177200000000001,10177.2,,87,0.5,21,2017-10-14 21:08:36,Australia/Melbourne
2017-10-15 08:08:43+11:00,-37.84973661415279,144.9687824305147,11.724879999999999,36.200000000000045,2681,10.177200000000001,10177.2,,87,0.5,21,2017-10-14 21:08:43,Australia/Melbourne
2017-10-15 08:08:51+11:00,-37.84959236159921,144.9685971904546,11.74772,36.0,2680,10.177200000000001,10177.2,,87,0.5,21,2017-10-14 21:08:51,Australia/Melbourne
2017-10-15 08:08:59+11:00,-37.849447103217244,144.9684172309935,11.77032,36.0,2680,10.1448,10144.800000000001,,87,0.5,21,2017-10-14 21:08:59,Australia/Melbourne
2017-10-15 08:09:06+11:00,-37.84932238049805,144.96824615634978,11.79077,35.799999999999955,2679,10.1448,10144.800000000001,,87,0.5,21,2017-10-14 21:09:06,Australia/Melbourne
2017-10-15 08:09:13+11:00,-37.84920419566333,144.96806988492608,11.81109,35.799999999999955,2679,10.2132,10213.2,,87,0.5,21,2017-10-14 21:09:13,Australia/Melbourne
2017-10-15 08:09:19+11:00,-37.849096739664674,144.96791356243193,11.82931,35.799999999999955,2679,10.278,10278.0,,88,0.5,21,2017-10-14 21:09:19,Australia/Melbourne
2017-10-15 08:09:26+11:00,-37.8489726036787,144.96773226186633,11.850389999999999,35.60000000000002,2678,10.4472,10447.2,,87,0.5,20,2017-10-14 21:09:26,Australia/Melbourne
2017-10-15 08:09:33+11:00,-37.84885316155851,144.96755951084197,11.87056,35.0,2675,10.346400000000001,10346.4,,87,0.5,20,2017-10-14 21:09:33,Australia/Melbourne
2017-10-15 08:09:40+11:00,-37.848723493516445,144.96738164685667,11.89183,35.39999999999998,2677,10.4796,10479.6,,87,0.5,20,2017-10-14 21:09:40,Australia/Melbourne
2017-10-15 08:09:47+11:00,-37.8485944122076,144.96721819974482,11.91211,35.200000000000045,2676,10.4148,10414.800000000001,,87,0.5,20,2017-10-14 21:09:47,Australia/Melbourne
2017-10-15 08:09:54+11:00,-37.84846784546971,144.96705391444266,11.93227,35.39999999999998,2677,10.4796,10479.6,,87,0.5,20,2017-10-14 21:09:54,Australia/Melbourne
2017-10-15 08:10:02+11:00,-37.84833231009543,144.96686255559325,11.95485,35.39999999999998,2677,10.314000000000002,10314.0,,86,0.5,20,2017-10-14 21:10:02,Australia/Melbourne
2017-10-15 08:10:09+11:00,-37.8482061624527,144.9666996113956,11.97491,35.799999999999955,2679,10.278,10278.0,,88,0.5,20,2017-10-14 21:10:09,Australia/Melbourne
2017-10-15 08:10:16+11:00,-37.84806752577424,144.96653901413083,11.99582,35.39999999999998,2677,10.3788,10378.800000000001,,88,0.5,20,2017-10-14 21:10:16,Australia/Melbourne
2017-10-15 08:10:18+11:00,-37.848028717562556,144.9664929136634,12.00174,35.39999999999998,2677,10.4148,10414.800000000001,,88,0.5,20,2017-10-14 21:10:18,Australia/Melbourne
2017-10-15 08:10:25+11:00,-37.84788622520864,144.96633231639862,12.02296,35.60000000000002,2678,10.4796,10479.6,,87,0.5,20,2017-10-14 21:10:25,Australia/Melbourne
2017-10-15 08:10:32+11:00,-37.84774457104504,144.96617062948644,12.04417,35.60000000000002,2678,10.5156,10515.6,,88,0.5,20,2017-10-14 21:10:32,Australia/Melbourne
2017-10-15 08:10:39+11:00,-37.847589841112494,144.9660330824554,12.06547,35.60000000000002,2678,10.648800000000001,10648.800000000001,,86,0.5,20,2017-10-14 21:10:39,Australia/Melbourne
2017-10-15 08:10:46+11:00,-37.847406696528196,144.96609955094755,12.087,35.799999999999955,2679,10.749600000000001,10749.6,,87,0.5,20,2017-10-14 21:10:46,Australia/Melbourne
2017-10-15 08:10:54+11:00,-37.84721818752587,144.96618236415088,12.10918,35.799999999999955,2679,10.580400000000001,10580.4,,86,0.5,20,2017-10-14 21:10:54,Australia/Melbourne
2017-10-15 08:11:01+11:00,-37.84703127108514,144.96623223647475,12.130379999999999,36.0,2680,10.6128,10612.800000000001,,87,0.5,20,2017-10-14 21:11:01,Australia/Melbourne
2017-10-15 08:11:08+11:00,-37.84684787504375,144.9662439711392,12.150780000000001,36.0,2680,10.6128,10612.800000000001,,88,0.5,20,2017-10-14 21:11:08,Australia/Melbourne
2017-10-15 08:11:15+11:00,-37.84666422754526,144.96622209437191,12.17125,36.60000000000002,2683,10.6128,10612.800000000001,,87,0.5,20,2017-10-14 21:11:15,Australia/Melbourne
2017-10-15 08:11:18+11:00,-37.84661393612623,144.96618169359863,12.17815,36.39999999999998,2682,10.5156,10515.6,,87,0.5,20,2017-10-14 21:11:18,Australia/Melbourne
2017-10-15 08:11:24+11:00,-37.84678869880736,144.9661813583225,12.198229999999999,36.39999999999998,2682,12.7656,12765.6,,89,0.0,20,2017-10-14 21:11:24,Australia/Melbourne
2017-10-15 08:11:31+11:00,-37.84699120558798,144.96618571691215,12.22075,36.200000000000045,2681,11.052,11052.0,,89,0.0,20,2017-10-14 21:11:31,Australia/Melbourne
2017-10-15 08:11:38+11:00,-37.8471889346838,144.96614548377693,12.243,35.799999999999955,2679,11.116800000000001,11116.800000000001,,88,0.0,20,2017-10-14 21:11:38,Australia/Melbourne
2017-10-15 08:11:42+11:00,-37.847301084548235,144.9661102797836,12.255840000000001,36.0,2680,11.286,11286.0,,87,0.5,20,2017-10-14 21:11:42,Australia/Melbourne
2017-10-15 08:11:49+11:00,-37.847481882199645,144.96603844687343,12.27689,36.39999999999998,2682,11.217600000000001,11217.6,,87,0.5,20,2017-10-14 21:11:49,Australia/Melbourne
2017-10-15 08:11:56+11:00,-37.847660668194294,144.9660000577569,12.29709,36.200000000000045,2681,11.016,11016.0,,88,0.5,20,2017-10-14 21:11:56,Australia/Melbourne
2017-10-15 08:12:04+11:00,-37.84783241339028,144.96610742993653,12.31859,35.799999999999955,2679,10.044,10044.0,,87,0.5,20,2017-10-14 21:12:04,Australia/Melbourne
2017-10-15 08:12:11+11:00,-37.8479677811265,144.96626207605004,12.33886,35.799999999999955,2679,10.3788,10378.800000000001,,87,0.5,20,2017-10-14 21:12:11,Australia/Melbourne
2017-10-15 08:12:18+11:00,-37.848100969567895,144.96643038466573,12.35979,35.799999999999955,2679,10.314000000000002,10314.0,,87,0.5,20,2017-10-14 21:12:18,Australia/Melbourne
2017-10-15 08:12:25+11:00,-37.8482286259532,144.96660405769944,12.38064,35.60000000000002,2678,10.4472,10447.2,,87,0.5,20,2017-10-14 21:12:25,Australia/Melbourne
2017-10-15 08:12:33+11:00,-37.84837639890611,144.96678242459893,12.40333,35.39999999999998,2677,10.346400000000001,10346.4,,88,0.5,20,2017-10-14 21:12:33,Australia/Melbourne
2017-10-15 08:12:40+11:00,-37.848504558205605,144.96695425361395,12.42409,35.200000000000045,2676,10.4148,10414.800000000001,,88,0.5,20,2017-10-14 21:12:40,Australia/Melbourne
2017-10-15 08:12:47+11:00,-37.84863422624767,144.96711300686002,12.44415,35.39999999999998,2677,10.3788,10378.800000000001,,87,0.5,20,2017-10-14 21:12:47,Australia/Melbourne
2017-10-15 08:12:54+11:00,-37.84876389428973,144.96727720834315,12.464559999999999,35.200000000000045,2676,10.4472,10447.2,,88,0.5,20,2017-10-14 21:12:54,Australia/Melbourne
2017-10-15 08:13:02+11:00,-37.848908230662346,144.96746026910841,12.487290000000002,35.60000000000002,2678,10.4148,10414.800000000001,,87,0.5,20,2017-10-14 21:13:02,Australia/Melbourne
2017-10-15 08:13:09+11:00,-37.84903756342828,144.96762178838253,12.50751,35.60000000000002,2678,10.4148,10414.800000000001,,87,0.5,20,2017-10-14 21:13:09,Australia/Melbourne
2017-10-15 08:13:16+11:00,-37.849168069660664,144.96779009699821,12.52825,36.0,2680,10.5156,10515.6,,88,0.5,20,2017-10-14 21:13:16,Australia/Melbourne
2017-10-15 08:13:23+11:00,-37.84930176101625,144.96795069426298,12.54876,35.799999999999955,2679,10.4472,10447.2,,87,0.5,21,2017-10-14 21:13:23,Australia/Melbourne
2017-10-15 08:13:31+11:00,-37.849449031054974,144.96813249774277,12.571629999999999,36.200000000000045,2681,10.4796,10479.6,,87,0.5,21,2017-10-14 21:13:31,Australia/Melbourne
2017-10-15 08:13:38+11:00,-37.84956419840455,144.96830784715712,12.59167,36.200000000000045,2681,10.4472,10447.2,,87,0.5,21,2017-10-14 21:13:38,Australia/Melbourne
2017-10-15 08:13:46+11:00,-37.849703170359135,144.96849107556045,12.61399,36.39999999999998,2682,10.278,10278.0,,86,0.5,21,2017-10-14 21:13:46,Australia/Melbourne
2017-10-15 08:13:53+11:00,-37.849821439012885,144.9686693586409,12.63444,36.799999999999955,2684,10.346400000000001,10346.4,,88,0.5,21,2017-10-14 21:13:53,Australia/Melbourne
2017-10-15 08:14:01+11:00,-37.84995856694877,144.96885384432971,12.656690000000001,36.39999999999998,2682,10.177200000000001,10177.2,,86,0.5,21,2017-10-14 21:14:01,Australia/Melbourne
2017-10-15 08:14:08+11:00,-37.850089240819216,144.96901695616543,12.67708,36.799999999999955,2684,10.4148,10414.800000000001,,87,0.5,21,2017-10-14 21:14:08,Australia/Melbourne
2017-10-15 08:14:16+11:00,-37.850231900811195,144.9691989272833,12.69961,36.799999999999955,2684,9.943200000000001,9943.2,,87,0.5,21,2017-10-14 21:14:16,Australia/Melbourne
2017-10-15 08:14:23+11:00,-37.8503577131778,144.96937084011734,12.72024,36.799999999999955,2684,10.314000000000002,10314.0,,86,0.5,21,2017-10-14 21:14:23,Australia/Melbourne
2017-10-15 08:14:30+11:00,-37.85048780031502,144.96954023838043,12.74107,37.0,2685,10.4472,10447.2,,88,0.5,21,2017-10-14 21:14:30,Australia/Melbourne
2017-10-15 08:14:37+11:00,-37.85061713308096,144.9697074573487,12.76167,37.0,2685,10.4796,10479.6,,87,0.0,21,2017-10-14 21:14:37,Australia/Melbourne
2017-10-15 08:14:42+11:00,-37.850705813616514,144.9698205292225,12.77568,37.200000000000045,2686,10.346400000000001,10346.4,,86,0.5,21,2017-10-14 21:14:42,Australia/Melbourne
2017-10-15 08:14:50+11:00,-37.850853838026524,144.96999353170395,12.79809,37.0,2685,10.245600000000001,10245.6,,87,0.5,21,2017-10-14 21:14:50,Australia/Melbourne
2017-10-15 08:14:57+11:00,-37.85098124295473,144.97015681117773,12.818280000000001,37.200000000000045,2686,10.314000000000002,10314.0,,87,0.5,21,2017-10-14 21:14:57,Australia/Melbourne
2017-10-15 08:15:04+11:00,-37.85110764205456,144.97033819556236,12.83953,36.799999999999955,2684,10.4796,10479.6,,87,0.5,21,2017-10-14 21:15:04,Australia/Melbourne
2017-10-15 08:15:12+11:00,-37.851253654807806,144.9705122038722,12.86183,36.799999999999955,2684,10.346400000000001,10346.4,,86,0.5,21,2017-10-14 21:15:12,Australia/Melbourne
2017-10-15 08:15:20+11:00,-37.851398661732674,144.97069643810391,12.88468,37.0,2685,10.278,10278.0,,86,0.5,21,2017-10-14 21:15:20,Australia/Melbourne
2017-10-15 08:15:27+11:00,-37.85152656957507,144.9708644952625,12.905209999999999,36.799999999999955,2684,10.4148,10414.800000000001,,86,0.5,21,2017-10-14 21:15:27,Australia/Melbourne
2017-10-15 08:15:35+11:00,-37.85167501308024,144.971037581563,12.92765,36.60000000000002,2683,10.314000000000002,10314.0,,86,0.5,21,2017-10-14 21:15:35,Australia/Melbourne
2017-10-15 08:15:43+11:00,-37.85182077437639,144.97120186686516,12.94934,36.799999999999955,2684,10.1448,10144.800000000001,,87,0.5,22,2017-10-14 21:15:43,Australia/Melbourne
2017-10-15 08:15:51+11:00,-37.851972905918956,144.97137445025146,12.972059999999999,36.60000000000002,2683,10.177200000000001,10177.2,,87,0.5,22,2017-10-14 21:15:51,Australia/Melbourne
2017-10-15 08:15:59+11:00,-37.852119924500585,144.97154854238033,12.994459999999998,36.39999999999998,2682,10.177200000000001,10177.2,,86,0.5,22,2017-10-14 21:15:59,Australia/Melbourne
2017-10-15 08:16:01+11:00,-37.852155631408095,144.97159539721906,13.00018,36.39999999999998,2682,10.2132,10213.2,,87,0.5,22,2017-10-14 21:16:01,Australia/Melbourne
2017-10-15 08:16:05+11:00,-37.852230817079544,144.97169153764844,13.01204,36.39999999999998,2682,10.278,10278.0,,87,0.5,22,2017-10-14 21:16:05,Australia/Melbourne
2017-10-15 08:16:12+11:00,-37.852362329140306,144.9718563258648,13.032620000000001,36.200000000000045,2681,10.346400000000001,10346.4,,87,0.5,22,2017-10-14 21:16:12,Australia/Melbourne
2017-10-15 08:16:20+11:00,-37.85250733606517,144.97203351929784,13.05505,36.39999999999998,2682,10.245600000000001,10245.6,,86,0.5,22,2017-10-14 21:16:20,Australia/Melbourne
2017-10-15 08:16:27+11:00,-37.85263046622276,144.97220694087446,13.07553,36.39999999999998,2682,10.4148,10414.800000000001,,87,0.5,22,2017-10-14 21:16:27,Australia/Melbourne
2017-10-15 08:16:34+11:00,-37.852738508954644,144.97240567579865,13.09678,36.0,2680,10.6812,10681.2,,87,0.5,22,2017-10-14 21:16:34,Australia/Melbourne
2017-10-15 08:16:41+11:00,-37.85282182507217,144.97262008488178,13.117790000000001,36.200000000000045,2681,10.749600000000001,10749.6,,87,0.5,22,2017-10-14 21:16:41,Australia/Melbourne
2017-10-15 08:16:49+11:00,-37.852855771780014,144.97287187725306,13.140469999999999,36.0,2680,10.4796,10479.6,,86,0.5,22,2017-10-14 21:16:49,Australia/Melbourne
2017-10-15 08:16:57+11:00,-37.85281243734062,144.9731209874153,13.16308,35.799999999999955,2679,10.278,10278.0,,85,0.5,22,2017-10-14 21:16:57,Australia/Melbourne
2017-10-15 08:17:03+11:00,-37.85272618755698,144.97328971512616,13.1808,35.799999999999955,2679,10.314000000000002,10314.0,,86,0.5,22,2017-10-14 21:17:03,Australia/Melbourne
2017-10-15 08:17:10+11:00,-37.85260490141809,144.973469004035,13.20155,36.200000000000045,2681,10.3788,10378.800000000001,,86,0.5,22,2017-10-14 21:17:10,Australia/Melbourne
2017-10-15 08:17:18+11:00,-37.85245327278972,144.97364200651646,13.22431,36.200000000000045,2681,10.3788,10378.800000000001,,85,0.5,22,2017-10-14 21:17:18,Australia/Melbourne
2017-10-15 08:17:26+11:00,-37.852313378825784,144.97381668537855,13.24617,36.200000000000045,2681,10.346400000000001,10346.4,,86,0.0,22,2017-10-14 21:17:26,Australia/Melbourne
2017-10-15 08:17:33+11:00,-37.852178094908595,144.97397921048105,13.2669,36.200000000000045,2681,10.3788,10378.800000000001,,87,0.5,22,2017-10-14 21:17:33,Australia/Melbourne
2017-10-15 08:17:40+11:00,-37.85208153538406,144.97416084632277,13.28713,36.200000000000045,2681,10.4472,10447.2,,86,0.5,22,2017-10-14 21:17:40,Australia/Melbourne
2017-10-15 08:17:47+11:00,-37.852223524823785,144.97433862648904,13.30995,36.200000000000045,2681,10.548,10548.0,,86,0.5,22,2017-10-14 21:17:47,Australia/Melbourne
2017-10-15 08:17:54+11:00,-37.852380350232124,144.97445764951408,13.33026,36.200000000000045,2681,10.5156,10515.6,,87,0.5,22,2017-10-14 21:17:54,Australia/Melbourne
2017-10-15 08:18:02+11:00,-37.852563075721264,144.97458279132843,13.35333,36.200000000000045,2681,10.314000000000002,10314.0,,86,0.5,22,2017-10-14 21:18:02,Australia/Melbourne
2017-10-15 08:18:09+11:00,-37.85272501409054,144.97469334863126,13.37376,36.200000000000045,2681,10.3788,10378.800000000001,,87,0.5,22,2017-10-14 21:18:09,Australia/Melbourne
2017-10-15 08:18:16+11:00,-37.85288301296532,144.97480306774378,13.39377,36.200000000000045,2681,10.346400000000001,10346.4,,87,0.5,22,2017-10-14 21:18:16,Australia/Melbourne
2017-10-15 08:18:24+11:00,-37.85305676981807,144.97492879629135,13.416030000000001,36.200000000000045,2681,10.314000000000002,10314.0,,86,0.5,22,2017-10-14 21:18:24,Australia/Melbourne
2017-10-15 08:18:32+11:00,-37.85323605872691,144.97504245489836,13.43832,35.799999999999955,2679,10.1448,10144.800000000001,,87,0.5,22,2017-10-14 21:18:32,Australia/Melbourne
2017-10-15 08:18:40+11:00,-37.853407049551606,144.97516432777047,13.46013,36.0,2680,10.112400000000001,10112.4,,85,0.5,22,2017-10-14 21:18:40,Australia/Melbourne
2017-10-15 08:18:48+11:00,-37.85357401706278,144.9752902239561,13.48172,35.799999999999955,2679,10.044,10044.0,,86,0.5,22,2017-10-14 21:18:48,Australia/Melbourne
2017-10-15 08:18:56+11:00,-37.85374014638364,144.975440595299,13.50447,35.799999999999955,2679,10.044,10044.0,,86,0.5,22,2017-10-14 21:18:56,Australia/Melbourne
2017-10-15 08:19:04+11:00,-37.8538597561419,144.9756427668035,13.52669,36.0,2680,10.044,10044.0,,87,0.5,22,2017-10-14 21:19:04,Australia/Melbourne
2017-10-15 08:19:11+11:00,-37.853957237675786,144.97583529911935,13.54677,36.200000000000045,2681,10.0764,10076.4,,85,0.5,22,2017-10-14 21:19:11,Australia/Melbourne
2017-10-15 08:19:18+11:00,-37.85412512719631,144.9759088922292,13.566870000000002,36.60000000000002,2683,10.112400000000001,10112.4,,85,0.5,22,2017-10-14 21:19:18,Australia/Melbourne
2017-10-15 08:19:25+11:00,-37.85430248826742,144.9759617820382,13.587129999999998,36.0,2680,10.1448,10144.800000000001,,85,0.5,22,2017-10-14 21:19:25,Australia/Melbourne
2017-10-15 08:19:33+11:00,-37.85447356291115,144.9760925397277,13.60983,35.799999999999955,2679,10.177200000000001,10177.2,,87,0.5,22,2017-10-14 21:19:33,Australia/Melbourne
2017-10-15 08:19:41+11:00,-37.854607589542866,144.9762751813978,13.63173,36.39999999999998,2682,10.044,10044.0,,86,0.5,22,2017-10-14 21:19:41,Australia/Melbourne
2017-10-15 08:19:49+11:00,-37.854738933965564,144.97646612115204,13.654,36.200000000000045,2681,10.011600000000001,10011.6,,85,0.5,22,2017-10-14 21:19:49,Australia/Melbourne
2017-10-15 08:19:57+11:00,-37.854864578694105,144.9766620900482,13.67619,36.200000000000045,2681,10.011600000000001,10011.6,,87,0.5,22,2017-10-14 21:19:57,Australia/Melbourne
2017-10-15 08:20:05+11:00,-37.85499542020261,144.97685034759343,13.698229999999999,36.799999999999955,2684,9.8748,9874.800000000001,,85,0.5,22,2017-10-14 21:20:05,Australia/Melbourne
2017-10-15 08:20:13+11:00,-37.855092315003276,144.97706810943782,13.72021,37.200000000000045,2686,9.9108,9910.800000000001,,85,0.5,22,2017-10-14 21:20:13,Australia/Melbourne
2017-10-15 08:20:21+11:00,-37.85519910044968,144.97725678607821,13.74063,37.39999999999998,2687,9.8424,9842.4,,84,0.5,22,2017-10-14 21:20:21,Australia/Melbourne
2017-10-15 08:20:27+11:00,-37.85524981096387,144.9773400183767,13.749889999999999,37.799999999999955,2689,4.1328,4132.8,,84,0.0,22,2017-10-14 21:20:27,Australia/Melbourne
2017-10-15 08:20:38+11:00,-37.855370845645666,144.97751737944782,13.77057,38.60000000000002,2693,7.2216,7221.6,,80,0.5,22,2017-10-14 21:20:38,Australia/Melbourne
2017-10-15 08:20:43+11:00,-37.855453323572874,144.97760304249823,13.782459999999999,38.799999999999955,2694,8.1972,8197.2,,85,0.0,22,2017-10-14 21:20:43,Australia/Melbourne
2017-10-15 08:20:52+11:00,-37.855573100969195,144.9778001010418,13.80433,39.60000000000002,2698,8.733600000000001,8733.6,,84,0.5,22,2017-10-14 21:20:52,Australia/Melbourne
2017-10-15 08:21:00+11:00,-37.85568851977587,144.97799078933895,13.82544,39.799999999999955,2699,9.2052,9205.2,,84,0.5,22,2017-10-14 21:21:00,Australia/Melbourne
2017-10-15 08:21:01+11:00,-37.85570528358221,144.97801744379103,13.82844,39.799999999999955,2699,9.4068,9406.800000000001,,84,0.5,22,2017-10-14 21:21:01,Australia/Melbourne
2017-10-15 08:21:08+11:00,-37.855829084292054,144.97821073047817,13.85036,40.200000000000045,2701,10.648800000000001,10648.800000000001,,86,0.5,22,2017-10-14 21:21:08,Australia/Melbourne
2017-10-15 08:21:15+11:00,-37.85595095716417,144.97839890420437,13.87175,40.60000000000002,2703,10.6128,10612.800000000001,,85,0.5,22,2017-10-14 21:21:15,Australia/Melbourne
2017-10-15 08:21:22+11:00,-37.85602144896984,144.97858070768416,13.88969,41.0,2705,10.044,10044.0,,85,0.5,22,2017-10-14 21:21:22,Australia/Melbourne
2017-10-15 08:21:24+11:00,-37.85603427328169,144.97862932272255,13.894219999999999,41.0,2705,9.8424,9842.4,,84,0.5,22,2017-10-14 21:21:24,Australia/Melbourne
2017-10-15 08:21:32+11:00,-37.85617928020656,144.97881531715393,13.91738,41.39999999999998,2707,10.0764,10076.4,,84,0.5,22,2017-10-14 21:21:32,Australia/Melbourne
2017-10-15 08:21:38+11:00,-37.85633057355881,144.97888119891286,13.93515,42.0,2710,10.278,10278.0,,86,0.5,22,2017-10-14 21:21:38,Australia/Melbourne
2017-10-15 08:21:45+11:00,-37.85650106146932,144.97895671986043,13.95523,42.0,2710,10.3788,10378.800000000001,,87,0.5,22,2017-10-14 21:21:45,Australia/Melbourne
2017-10-15 08:21:53+11:00,-37.85667414776981,144.97907431796193,13.977030000000001,42.0,2710,10.2132,10213.2,,86,0.5,22,2017-10-14 21:21:53,Australia/Melbourne
2017-10-15 08:22:01+11:00,-37.85685125738382,144.97920096851885,13.99963,42.39999999999998,2712,10.2132,10213.2,,86,0.5,22,2017-10-14 21:22:01,Australia/Melbourne
2017-10-15 08:22:02+11:00,-37.8568731341511,144.9792158883065,14.002379999999999,42.60000000000002,2713,10.2132,10213.2,,86,0.5,22,2017-10-14 21:22:02,Australia/Melbourne
2017-10-15 08:22:10+11:00,-37.85704462788999,144.97934798710048,14.024700000000001,43.0,2715,10.177200000000001,10177.2,,86,0.5,22,2017-10-14 21:22:10,Australia/Melbourne
2017-10-15 08:22:11+11:00,-37.857066839933395,144.97936324216425,14.02751,43.200000000000045,2716,10.177200000000001,10177.2,,87,0.0,22,2017-10-14 21:22:11,Australia/Melbourne
2017-10-15 08:22:18+11:00,-37.85721746273339,144.97949584387243,14.04792,43.0,2715,10.2132,10213.2,,87,0.5,22,2017-10-14 21:22:18,Australia/Melbourne
2017-10-15 08:22:26+11:00,-37.85737822763622,144.9796495679766,14.07033,43.39999999999998,2717,10.278,10278.0,,86,0.5,22,2017-10-14 21:22:26,Australia/Melbourne
2017-10-15 08:22:34+11:00,-37.85753077827394,144.9797936528921,14.0915,43.799999999999955,2719,10.112400000000001,10112.4,,86,0.5,22,2017-10-14 21:22:34,Australia/Melbourne
2017-10-15 08:22:40+11:00,-37.85764519125223,144.97991594485939,14.10815,44.200000000000045,2721,10.245600000000001,10245.6,,87,0.5,22,2017-10-14 21:22:40,Australia/Melbourne
2017-10-15 08:22:48+11:00,-37.85780142992735,144.98004536144435,14.12891,44.60000000000002,2723,9.5076,9507.6,,87,0.5,22,2017-10-14 21:22:48,Australia/Melbourne
2017-10-15 08:22:54+11:00,-37.857960015535355,144.98007436282933,14.14681,45.200000000000045,2726,9.9756,9975.6,,86,0.5,22,2017-10-14 21:22:54,Australia/Melbourne
2017-10-15 08:23:01+11:00,-37.85812312737107,144.97995022684336,14.16818,45.39999999999998,2727,10.2132,10213.2,,85,0.5,22,2017-10-14 21:23:01,Australia/Melbourne
2017-10-15 08:23:08+11:00,-37.85825036466122,144.9797703512013,14.189440000000001,45.60000000000002,2728,10.4148,10414.800000000001,,86,0.5,22,2017-10-14 21:23:08,Australia/Melbourne
2017-10-15 08:23:15+11:00,-37.858373410999775,144.97959793545306,14.2099,45.39999999999998,2727,10.4472,10447.2,,85,0.5,22,2017-10-14 21:23:15,Australia/Melbourne
2017-10-15 08:23:22+11:00,-37.858505845069885,144.97942250221968,14.23123,45.60000000000002,2728,10.5156,10515.6,,86,0.5,22,2017-10-14 21:23:22,Australia/Melbourne
2017-10-15 08:23:29+11:00,-37.85863517783582,144.97923214919865,14.2533,45.39999999999998,2727,10.6812,10681.2,,88,0.5,22,2017-10-14 21:23:29,Australia/Melbourne
2017-10-15 08:23:36+11:00,-37.858778927475214,144.97905445285141,14.27582,45.200000000000045,2726,10.814400000000001,10814.4,,87,0.5,22,2017-10-14 21:23:36,Australia/Melbourne
2017-10-15 08:23:43+11:00,-37.858909936621785,144.978902740404,14.29591,45.0,2725,10.882800000000001,10882.800000000001,,87,0.5,22,2017-10-14 21:23:43,Australia/Melbourne
2017-10-15 08:23:51+11:00,-37.859017895534635,144.97868447564542,14.31858,44.799999999999955,2724,10.749600000000001,10749.6,,88,0.5,22,2017-10-14 21:23:51,Australia/Melbourne
2017-10-15 08:23:58+11:00,-37.85911344923079,144.9784917756915,14.338709999999999,44.39999999999998,2722,10.6812,10681.2,,87,0.0,22,2017-10-14 21:23:58,Australia/Melbourne
2017-10-15 08:24:05+11:00,-37.85922593437135,144.9783033505082,14.359440000000001,44.799999999999955,2724,10.7136,10713.6,,88,0.0,22,2017-10-14 21:24:05,Australia/Melbourne
2017-10-15 08:24:10+11:00,-37.85931318998337,144.97817175462842,14.374559999999999,44.0,2720,10.7136,10713.6,,88,0.5,22,2017-10-14 21:24:10,Australia/Melbourne
2017-10-15 08:24:17+11:00,-37.859425926581025,144.97799447737634,14.39465,44.0,2720,10.7136,10713.6,,88,0.5,22,2017-10-14 21:24:17,Australia/Melbourne
2017-10-15 08:24:25+11:00,-37.85954738035798,144.97779540717602,14.41709,43.200000000000045,2716,10.648800000000001,10648.800000000001,,87,0.0,22,2017-10-14 21:24:25,Australia/Melbourne
2017-10-15 08:24:32+11:00,-37.85966020077467,144.9775992706418,14.43842,42.799999999999955,2714,10.6812,10681.2,,86,0.5,22,2017-10-14 21:24:32,Australia/Melbourne
2017-10-15 08:24:39+11:00,-37.859750306233764,144.97737815603614,14.460270000000001,42.39999999999998,2712,10.749600000000001,10749.6,,88,0.5,22,2017-10-14 21:24:39,Australia/Melbourne
2017-10-15 08:24:45+11:00,-37.859853990375996,144.97721462510526,14.47872,41.799999999999955,2709,10.850399999999999,10850.4,,88,0.5,22,2017-10-14 21:24:45,Australia/Melbourne
2017-10-15 08:24:52+11:00,-37.85997896455228,144.9770297203213,14.50016,41.200000000000045,2706,10.882800000000001,10882.800000000001,,85,0.0,22,2017-10-14 21:24:52,Australia/Melbourne
2017-10-15 08:24:55+11:00,-37.86002858541906,144.9769573006779,14.508610000000001,40.60000000000002,2703,10.882800000000001,10882.800000000001,,87,0.0,22,2017-10-14 21:24:55,Australia/Melbourne
2017-10-15 08:25:03+11:00,-37.86013428121805,144.97675596736372,14.52989,39.60000000000002,2698,10.548,10548.0,,85,0.5,22,2017-10-14 21:25:03,Australia/Melbourne
2017-10-15 08:25:11+11:00,-37.86024869419634,144.97656452469528,14.55108,39.0,2695,10.245600000000001,10245.6,,88,0.5,22,2017-10-14 21:25:11,Australia/Melbourne
2017-10-15 08:25:14+11:00,-37.86030041053891,144.97649713419378,14.55934,38.39999999999998,2692,10.245600000000001,10245.6,,88,0.5,22,2017-10-14 21:25:14,Australia/Melbourne
2017-10-15 08:25:21+11:00,-37.86042924039066,144.9763346929103,14.57962,38.0,2690,10.245600000000001,10245.6,,87,0.5,22,2017-10-14 21:25:21,Australia/Melbourne
2017-10-15 08:25:28+11:00,-37.860562512651086,144.9761443398893,14.601959999999998,37.60000000000002,2688,10.3788,10378.800000000001,,88,0.5,22,2017-10-14 21:25:28,Australia/Melbourne
2017-10-15 08:25:29+11:00,-37.860580617561936,144.97611433267593,14.60527,37.39999999999998,2687,10.4148,10414.800000000001,,88,0.5,22,2017-10-14 21:25:29,Australia/Melbourne
2017-10-15 08:25:36+11:00,-37.86068405024707,144.9759041145444,14.62706,36.799999999999955,2684,10.648800000000001,10648.800000000001,,88,0.0,22,2017-10-14 21:25:36,Australia/Melbourne
2017-10-15 08:25:44+11:00,-37.860800391063094,144.9756932258606,14.64965,36.60000000000002,2683,10.580400000000001,10580.4,,87,0.5,21,2017-10-14 21:25:44,Australia/Melbourne
2017-10-15 08:25:51+11:00,-37.8608863055706,144.97549935244024,14.6693,36.200000000000045,2681,10.4796,10479.6,,87,0.5,21,2017-10-14 21:25:51,Australia/Melbourne
2017-10-15 08:25:59+11:00,-37.86099962890148,144.9752870388329,14.69195,36.200000000000045,2681,10.4148,10414.800000000001,,88,0.5,21,2017-10-14 21:25:59,Australia/Melbourne
2017-10-15 08:26:06+11:00,-37.861104821786284,144.97510272078216,14.711969999999999,36.200000000000045,2681,10.346400000000001,10346.4,,87,0.5,21,2017-10-14 21:26:06,Australia/Melbourne
2017-10-15 08:26:14+11:00,-37.861233316361904,144.9749085959047,14.734290000000001,36.200000000000045,2681,10.278,10278.0,,86,0.5,21,2017-10-14 21:26:14,Australia/Melbourne
2017-10-15 08:26:22+11:00,-37.86136684007943,144.97471421957016,14.756950000000002,36.200000000000045,2681,10.245600000000001,10245.6,,86,0.5,21,2017-10-14 21:26:22,Australia/Melbourne
2017-10-15 08:26:30+11:00,-37.86148318089545,144.97451037168503,14.77914,36.200000000000045,2681,10.1448,10144.800000000001,,86,0.5,21,2017-10-14 21:26:30,Australia/Melbourne
2017-10-15 08:26:37+11:00,-37.861596923321486,144.97432697564363,14.79966,36.39999999999998,2682,10.177200000000001,10177.2,,85,0.5,21,2017-10-14 21:26:37,Australia/Melbourne
2017-10-15 08:26:45+11:00,-37.861712258309126,144.97413410805166,14.82094,36.39999999999998,2682,10.112400000000001,10112.4,,87,0.5,21,2017-10-14 21:26:45,Australia/Melbourne
2017-10-15 08:26:53+11:00,-37.86185609176755,144.97394643723965,14.84378,36.799999999999955,2684,10.011600000000001,10011.6,,86,0.5,21,2017-10-14 21:26:53,Australia/Melbourne
2017-10-15 08:27:00+11:00,-37.861994141712785,144.97377787716687,14.86552,37.0,2685,10.0764,10076.4,,86,0.5,21,2017-10-14 21:27:00,Australia/Melbourne
2017-10-15 08:27:06+11:00,-37.86202926188707,144.97361124493182,14.88138,37.39999999999998,2687,10.011600000000001,10011.6,,85,0.5,21,2017-10-14 21:27:06,Australia/Melbourne
2017-10-15 08:27:13+11:00,-37.86187327466905,144.97344821691513,14.90396,37.39999999999998,2687,10.0764,10076.4,,87,0.5,21,2017-10-14 21:27:13,Australia/Melbourne
2017-10-15 08:27:20+11:00,-37.861710330471396,144.97330429963768,14.9261,37.60000000000002,2688,10.346400000000001,10346.4,,88,0.5,21,2017-10-14 21:27:20,Australia/Melbourne
2017-10-15 08:27:27+11:00,-37.86157571710646,144.97315007261932,14.94639,37.39999999999998,2687,10.112400000000001,10112.4,,43,0.5,21,2017-10-14 21:27:27,Australia/Melbourne
2017-10-15 08:27:34+11:00,-37.86142501048744,144.9729993660003,14.96783,37.39999999999998,2687,8.4312,8431.2,,43,0.5,21,2017-10-14 21:27:34,Australia/Melbourne
2017-10-15 08:27:42+11:00,-37.86136952228844,144.9727572966367,14.99016,37.0,2685,10.648800000000001,10648.800000000001,,87,0.0,21,2017-10-14 21:27:42,Australia/Melbourne
2017-10-15 08:27:45+11:00,-37.861342364922166,144.97266626916826,14.998790000000001,37.200000000000045,2686,10.782,10782.0,,87,0.0,21,2017-10-14 21:27:45,Australia/Melbourne
2017-10-15 08:27:46+11:00,-37.86131763830781,144.9726452305913,15.0021,37.0,2685,10.782,10782.0,,87,0.0,21,2017-10-14 21:27:46,Australia/Melbourne
2017-10-15 08:27:53+11:00,-37.86112795583904,144.9725437257439,15.02501,37.0,2685,11.1528,11152.800000000001,,89,0.0,21,2017-10-14 21:27:53,Australia/Melbourne
2017-10-15 08:28:00+11:00,-37.86095218732953,144.97244984842837,15.04622,36.39999999999998,2682,11.0844,11084.4,,89,0.0,21,2017-10-14 21:28:00,Australia/Melbourne
2017-10-15 08:28:08+11:00,-37.860776502639055,144.9723275564611,15.068520000000001,36.200000000000045,2681,10.9152,10915.2,,87,0.5,21,2017-10-14 21:28:08,Australia/Melbourne
2017-10-15 08:28:16+11:00,-37.86061163060367,144.97217525728047,15.091209999999998,36.200000000000045,2681,10.6812,10681.2,,87,0.5,21,2017-10-14 21:28:16,Australia/Melbourne
2017-10-15 08:28:23+11:00,-37.86046536639333,144.9720273166895,15.112020000000001,36.60000000000002,2683,10.7136,10713.6,,88,0.0,21,2017-10-14 21:28:23,Australia/Melbourne
2017-10-15 08:28:31+11:00,-37.86030820570886,144.97186814434826,15.13439,36.60000000000002,2683,10.580400000000001,10580.4,,87,0.0,21,2017-10-14 21:28:31,Australia/Melbourne
2017-10-15 08:28:38+11:00,-37.86015909165144,144.9717281665653,15.15503,36.60000000000002,2683,10.648800000000001,10648.800000000001,,87,0.5,21,2017-10-14 21:28:38,Australia/Melbourne
2017-10-15 08:28:45+11:00,-37.8600160125643,144.97158349491656,15.1754,36.200000000000045,2681,10.6128,10612.800000000001,,88,0.5,21,2017-10-14 21:28:45,Australia/Melbourne
2017-10-15 08:28:52+11:00,-37.8598555829376,144.97142775915563,15.19788,36.39999999999998,2682,10.782,10782.0,,87,0.5,21,2017-10-14 21:28:52,Australia/Melbourne
2017-10-15 08:28:59+11:00,-37.859703954309225,144.97126481495798,15.22,36.0,2680,10.9152,10915.2,,87,0.5,21,2017-10-14 21:28:59,Australia/Melbourne
2017-10-15 08:29:07+11:00,-37.85957084968686,144.97109533287585,15.24102,36.200000000000045,2681,10.6128,10612.800000000001,,87,0.5,21,2017-10-14 21:29:07,Australia/Melbourne
2017-10-15 08:29:14+11:00,-37.859450820833445,144.97092593461275,15.261040000000001,35.60000000000002,2678,10.580400000000001,10580.4,,87,0.5,21,2017-10-14 21:29:14,Australia/Melbourne
2017-10-15 08:29:21+11:00,-37.859335066750646,144.97074111364782,15.28176,35.60000000000002,2678,10.6128,10612.800000000001,,86,0.5,21,2017-10-14 21:29:21,Australia/Melbourne
2017-10-15 08:29:28+11:00,-37.85922861658037,144.97055084444582,15.30226,35.39999999999998,2677,10.6128,10612.800000000001,,86,0.5,21,2017-10-14 21:29:28,Australia/Melbourne
2017-10-15 08:29:35+11:00,-37.85911043174565,144.97036803513765,15.323049999999999,35.60000000000002,2678,10.648800000000001,10648.800000000001,,88,0.5,21,2017-10-14 21:29:35,Australia/Melbourne
2017-10-15 08:29:39+11:00,-37.85903424024582,144.97025990858674,15.335780000000002,35.200000000000045,2676,10.7136,10713.6,,88,0.5,21,2017-10-14 21:29:39,Australia/Melbourne
2017-10-15 08:29:47+11:00,-37.85891018807888,144.97006854973733,15.35754,34.799999999999955,2674,10.6812,10681.2,,88,0.5,21,2017-10-14 21:29:47,Australia/Melbourne
2017-10-15 08:29:55+11:00,-37.85879326052964,144.9698546435684,15.38041,35.200000000000045,2676,10.548,10548.0,,87,0.5,21,2017-10-14 21:29:55,Australia/Melbourne
2017-10-15 08:30:02+11:00,-37.85868597216904,144.96966655366123,15.40081,35.0,2675,10.548,10548.0,,88,0.5,21,2017-10-14 21:30:02,Australia/Melbourne
2017-10-15 08:30:10+11:00,-37.85857633687556,144.9694700818509,15.421959999999999,35.200000000000045,2676,10.278,10278.0,,87,0.5,21,2017-10-14 21:30:10,Australia/Melbourne
2017-10-15 08:30:18+11:00,-37.85845387727022,144.96926497668028,15.44456,35.200000000000045,2676,10.749600000000001,10749.6,,89,0.0,21,2017-10-14 21:30:18,Australia/Melbourne
2017-10-15 08:30:20+11:00,-37.858427641913295,144.96921225450933,15.45003,35.39999999999998,2677,10.580400000000001,10580.4,,89,0.0,21,2017-10-14 21:30:20,Australia/Melbourne
2017-10-15 08:30:27+11:00,-37.85831985063851,144.96902659535408,15.47029,35.200000000000045,2676,10.314000000000002,10314.0,,88,0.5,21,2017-10-14 21:30:27,Australia/Melbourne
2017-10-15 08:30:35+11:00,-37.85820736549795,144.9688107613474,15.49302,35.0,2675,10.278,10278.0,,87,0.5,21,2017-10-14 21:30:35,Australia/Melbourne
2017-10-15 08:30:43+11:00,-37.858096892014146,144.96860900893807,15.5146,35.0,2675,10.112400000000001,10112.4,,87,0.5,21,2017-10-14 21:30:43,Australia/Melbourne
2017-10-15 08:30:50+11:00,-37.85798080265522,144.96841890737414,15.53572,34.60000000000002,2673,11.0844,11084.4,,86,0.5,21,2017-10-14 21:30:50,Australia/Melbourne
2017-10-15 08:30:58+11:00,-37.85786689259112,144.96821271255612,15.55783,35.39999999999998,2677,10.011600000000001,10011.6,,87,0.5,21,2017-10-14 21:30:58,Australia/Melbourne
2017-10-15 08:31:06+11:00,-37.857748037204146,144.96800509281456,15.58037,34.60000000000002,2673,10.044,10044.0,,89,0.0,21,2017-10-14 21:31:06,Australia/Melbourne
2017-10-15 08:31:14+11:00,-37.857636557891965,144.96780417859554,15.60193,34.799999999999955,2674,9.943200000000001,9943.2,,86,0.5,21,2017-10-14 21:31:14,Australia/Melbourne
2017-10-15 08:31:22+11:00,-37.85752231255174,144.9676063656807,15.62349,35.0,2675,9.8424,9842.4,,86,0.5,21,2017-10-14 21:31:22,Australia/Melbourne
2017-10-15 08:31:30+11:00,-37.85740219987929,144.96741190552711,15.64518,35.0,2675,9.7416,9741.6,,86,0.5,20,2017-10-14 21:31:30,Australia/Melbourne
2017-10-15 08:31:38+11:00,-37.85728502087295,144.96719665825367,15.66816,34.799999999999955,2674,9.8424,9842.4,,87,0.5,20,2017-10-14 21:31:38,Australia/Melbourne
2017-10-15 08:31:45+11:00,-37.85717404447496,144.967012507841,15.68852,35.60000000000002,2678,9.9756,9975.6,,86,0.5,20,2017-10-14 21:31:45,Australia/Melbourne
2017-10-15 08:31:52+11:00,-37.85706549882889,144.9668214842677,15.709200000000001,35.0,2675,10.112400000000001,10112.4,,86,0.5,20,2017-10-14 21:31:52,Australia/Melbourne
2017-10-15 08:32:00+11:00,-37.85695318132639,144.96661059558392,15.73158,35.0,2675,10.112400000000001,10112.4,,87,0.5,20,2017-10-14 21:32:00,Australia/Melbourne
2017-10-15 08:32:08+11:00,-37.85684471949935,144.96639425866306,15.75413,35.200000000000045,2676,10.112400000000001,10112.4,,86,0.5,20,2017-10-14 21:32:08,Australia/Melbourne
2017-10-15 08:32:15+11:00,-37.85673541948199,144.96620952151716,15.77441,35.0,2675,10.2132,10213.2,,87,0.5,20,2017-10-14 21:32:15,Australia/Melbourne
2017-10-15 08:32:22+11:00,-37.856627963483334,144.9660098645836,15.795639999999999,35.0,2675,10.4148,10414.800000000001,,86,0.5,20,2017-10-14 21:32:22,Australia/Melbourne
2017-10-15 08:32:30+11:00,-37.856514137238264,144.96580576524138,15.8176,35.0,2675,10.245600000000001,10245.6,,87,0.5,20,2017-10-14 21:32:30,Australia/Melbourne
2017-10-15 08:32:38+11:00,-37.85639712586999,144.96559697203338,15.840110000000001,35.200000000000045,2676,10.177200000000001,10177.2,,87,0.5,20,2017-10-14 21:32:38,Australia/Melbourne
2017-10-15 08:32:45+11:00,-37.85629495047033,144.96540762484074,15.86027,35.0,2675,10.2132,10213.2,,87,0.5,20,2017-10-14 21:32:45,Australia/Melbourne
2017-10-15 08:32:53+11:00,-37.85617626272142,144.96520620770752,15.88235,34.60000000000002,2673,10.1448,10144.800000000001,,87,0.5,20,2017-10-14 21:32:53,Australia/Melbourne
2017-10-15 08:33:01+11:00,-37.85606201738119,144.96500286273658,15.904290000000001,34.60000000000002,2673,10.011600000000001,10011.6,,86,0.5,20,2017-10-14 21:33:01,Australia/Melbourne
2017-10-15 08:33:07+11:00,-37.85597492940724,144.96484058909118,15.92154,34.200000000000045,2671,10.044,10044.0,,86,0.5,20,2017-10-14 21:33:07,Australia/Melbourne
2017-10-15 08:33:14+11:00,-37.8558680601418,144.96464487165213,15.942459999999999,34.200000000000045,2671,10.177200000000001,10177.2,,87,0.5,20,2017-10-14 21:33:14,Australia/Melbourne
2017-10-15 08:33:22+11:00,-37.85575121641159,144.96443398296833,15.96514,34.39999999999998,2672,10.177200000000001,10177.2,,86,0.5,20,2017-10-14 21:33:22,Australia/Melbourne
2017-10-15 08:33:30+11:00,-37.85563034936786,144.96423189528286,15.98741,34.200000000000045,2671,10.2132,10213.2,,88,0.5,20,2017-10-14 21:33:30,Australia/Melbourne
2017-10-15 08:33:35+11:00,-37.85556362941861,144.96410164050758,16.00106,34.200000000000045,2671,10.1448,10144.800000000001,,88,0.5,20,2017-10-14 21:33:35,Australia/Melbourne
2017-10-15 08:33:43+11:00,-37.85544536076486,144.96389770880342,16.0233,34.39999999999998,2672,10.044,10044.0,,87,0.5,20,2017-10-14 21:33:43,Australia/Melbourne
2017-10-15 08:33:51+11:00,-37.85532063804567,144.96368858031929,16.04633,34.200000000000045,2671,10.112400000000001,10112.4,,87,0.5,20,2017-10-14 21:33:51,Australia/Melbourne
2017-10-15 08:33:58+11:00,-37.85520798526704,144.9634885881096,16.06792,34.200000000000045,2671,10.245600000000001,10245.6,,87,0.5,20,2017-10-14 21:33:58,Australia/Melbourne
2017-10-15 08:34:06+11:00,-37.85509399138391,144.96328976936638,16.08952,34.39999999999998,2672,10.112400000000001,10112.4,,87,0.5,20,2017-10-14 21:34:06,Australia/Melbourne
2017-10-15 08:34:14+11:00,-37.854983853176236,144.96309287846088,16.11073,34.39999999999998,2672,9.9108,9910.800000000001,,87,0.5,20,2017-10-14 21:34:14,Australia/Melbourne
2017-10-15 08:34:21+11:00,-37.85487614572048,144.9629039503634,16.13121,34.200000000000045,2671,9.9756,9975.6,,87,0.5,20,2017-10-14 21:34:21,Australia/Melbourne
2017-10-15 08:34:29+11:00,-37.854756619781256,144.96269591152668,16.15383,34.39999999999998,2672,10.011600000000001,10011.6,,86,0.5,20,2017-10-14 21:34:29,Australia/Melbourne
2017-10-15 08:34:36+11:00,-37.854645727202296,144.96251083910465,16.17424,34.200000000000045,2671,10.112400000000001,10112.4,,86,0.5,20,2017-10-14 21:34:36,Australia/Melbourne
2017-10-15 08:34:43+11:00,-37.85454036667943,144.96232031844556,16.19469,34.60000000000002,2673,10.2132,10213.2,,87,0.5,20,2017-10-14 21:34:43,Australia/Melbourne
2017-10-15 08:34:50+11:00,-37.8544364310801,144.96213097125292,16.21495,34.799999999999955,2674,10.177200000000001,10177.2,,87,0.5,20,2017-10-14 21:34:50,Australia/Melbourne
2017-10-15 08:34:57+11:00,-37.85432822071016,144.96194506064057,16.235229999999998,34.39999999999998,2672,10.2132,10213.2,,88,0.5,20,2017-10-14 21:34:57,Australia/Melbourne
2017-10-15 08:35:04+11:00,-37.854226883500814,144.9617458228022,16.256059999999998,34.60000000000002,2673,10.3788,10378.800000000001,,88,0.0,20,2017-10-14 21:35:04,Australia/Melbourne
2017-10-15 08:35:12+11:00,-37.85411909222603,144.96154960244894,16.27706,34.39999999999998,2672,10.112400000000001,10112.4,,87,0.5,20,2017-10-14 21:35:12,Australia/Melbourne
2017-10-15 08:35:20+11:00,-37.85400744527578,144.96133527718484,16.29964,34.60000000000002,2673,10.0764,10076.4,,87,0.5,20,2017-10-14 21:35:20,Australia/Melbourne
2017-10-15 08:35:28+11:00,-37.85390233621001,144.96111902408302,16.32197,34.60000000000002,2673,10.112400000000001,10112.4,,87,0.5,20,2017-10-14 21:35:28,Australia/Melbourne
2017-10-15 08:35:36+11:00,-37.85379957407713,144.96089556254447,16.3447,34.799999999999955,2674,10.112400000000001,10112.4,,86,0.5,20,2017-10-14 21:35:36,Australia/Melbourne
2017-10-15 08:35:44+11:00,-37.85368809476495,144.9606824107468,16.36718,34.39999999999998,2672,10.112400000000001,10112.4,,87,0.5,20,2017-10-14 21:35:44,Australia/Melbourne
2017-10-15 08:35:52+11:00,-37.853584410622716,144.96047370135784,16.38887,34.60000000000002,2673,10.0764,10076.4,,86,0.5,20,2017-10-14 21:35:52,Australia/Melbourne
2017-10-15 08:36:00+11:00,-37.853478798642755,144.96025200001895,16.41164,34.200000000000045,2671,10.1448,10144.800000000001,,87,0.5,20,2017-10-14 21:36:00,Australia/Melbourne
2017-10-15 08:36:08+11:00,-37.85338022746146,144.96003993786871,16.43328,34.39999999999998,2672,10.044,10044.0,,86,0.5,20,2017-10-14 21:36:08,Australia/Melbourne
2017-10-15 08:36:15+11:00,-37.85327972844243,144.95984044857323,16.45408,34.200000000000045,2671,10.1448,10144.800000000001,,87,0.5,20,2017-10-14 21:36:15,Australia/Melbourne
2017-10-15 08:36:22+11:00,-37.85318166017532,144.95964758098125,16.47424,34.200000000000045,2671,10.2132,10213.2,,87,0.5,20,2017-10-14 21:36:22,Australia/Melbourne
2017-10-15 08:36:30+11:00,-37.853078143671155,144.95942495763302,16.496959999999998,34.0,2670,10.245600000000001,10245.6,,88,0.5,20,2017-10-14 21:36:30,Australia/Melbourne
2017-10-15 08:36:37+11:00,-37.852983344346285,144.959226725623,16.51734,34.200000000000045,2671,10.278,10278.0,,86,0.5,20,2017-10-14 21:36:37,Australia/Melbourne
2017-10-15 08:36:44+11:00,-37.85289307124913,144.95901533402503,16.53848,34.200000000000045,2671,10.3788,10378.800000000001,,87,0.5,20,2017-10-14 21:36:44,Australia/Melbourne
2017-10-15 08:36:51+11:00,-37.85280070267618,144.95881986804307,16.5585,34.200000000000045,2671,10.4148,10414.800000000001,,88,0.5,20,2017-10-14 21:36:51,Australia/Melbourne
2017-10-15 08:36:59+11:00,-37.85269525833428,144.9586095660925,16.5804,34.0,2670,10.245600000000001,10245.6,,87,0.5,20,2017-10-14 21:36:59,Australia/Melbourne
2017-10-15 08:37:06+11:00,-37.85259232856333,144.95841678231955,16.600849999999998,33.799999999999955,2669,10.177200000000001,10177.2,,86,0.5,20,2017-10-14 21:37:06,Australia/Melbourne
2017-10-15 08:37:13+11:00,-37.8524939250201,144.95822391472757,16.621029999999998,34.200000000000045,2671,10.245600000000001,10245.6,,87,0.5,20,2017-10-14 21:37:13,Australia/Melbourne
2017-10-15 08:37:21+11:00,-37.85238973796368,144.95800548233092,16.643459999999997,33.799999999999955,2669,10.177200000000001,10177.2,,88,0.5,20,2017-10-14 21:37:21,Australia/Melbourne
2017-10-15 08:37:28+11:00,-37.85229502245784,144.95780792087317,16.6638,33.799999999999955,2669,10.2132,10213.2,,86,0.5,20,2017-10-14 21:37:28,Australia/Melbourne
2017-10-15 08:37:36+11:00,-37.85218681208789,144.95758990757167,16.68642,34.0,2670,10.245600000000001,10245.6,,86,0.5,20,2017-10-14 21:37:36,Australia/Melbourne
2017-10-15 08:37:43+11:00,-37.85208807326853,144.95739687234163,16.70665,33.799999999999955,2669,10.245600000000001,10245.6,,85,0.5,20,2017-10-14 21:37:43,Australia/Melbourne
2017-10-15 08:37:51+11:00,-37.85198690369725,144.95718648657203,16.72832,33.799999999999955,2669,10.177200000000001,10177.2,,86,0.5,20,2017-10-14 21:37:51,Australia/Melbourne
2017-10-15 08:37:58+11:00,-37.85189252346754,144.9569924455136,16.74836,34.0,2670,10.2132,10213.2,,86,0.5,20,2017-10-14 21:37:58,Australia/Melbourne
2017-10-15 08:38:06+11:00,-37.85178582184017,144.9567754380405,16.77085,33.799999999999955,2669,10.044,10044.0,,87,0.5,20,2017-10-14 21:38:06,Australia/Melbourne
2017-10-15 08:38:13+11:00,-37.85168968141079,144.95657133869827,16.79173,34.0,2670,10.245600000000001,10245.6,,87,0.5,20,2017-10-14 21:38:13,Australia/Melbourne
2017-10-15 08:38:20+11:00,-37.85159739665687,144.95637578889728,16.81178,34.0,2670,10.346400000000001,10346.4,,88,0.5,20,2017-10-14 21:38:20,Australia/Melbourne
2017-10-15 08:38:28+11:00,-37.85149371251464,144.95616330765188,16.833740000000002,34.200000000000045,2671,10.245600000000001,10245.6,,85,0.5,20,2017-10-14 21:38:28,Australia/Melbourne
2017-10-15 08:38:36+11:00,-37.85138759762049,144.95595174841583,16.85577,34.0,2670,10.177200000000001,10177.2,,87,0.5,20,2017-10-14 21:38:36,Australia/Melbourne
2017-10-15 08:38:44+11:00,-37.85128366202116,144.95573834516108,16.87782,34.200000000000045,2671,10.044,10044.0,,87,0.5,20,2017-10-14 21:38:44,Australia/Melbourne
2017-10-15 08:38:52+11:00,-37.851172517985106,144.9555303901434,16.89989,33.799999999999955,2669,10.011600000000001,10011.6,,86,0.5,20,2017-10-14 21:38:52,Australia/Melbourne
2017-10-15 08:39:00+11:00,-37.85107344388962,144.95530592277646,16.9225,33.799999999999955,2669,9.9756,9975.6,,87,0.5,20,2017-10-14 21:39:00,Australia/Melbourne
2017-10-15 08:39:07+11:00,-37.850975124165416,144.95510165579617,16.943540000000002,34.0,2670,10.0764,10076.4,,87,0.5,20,2017-10-14 21:39:07,Australia/Melbourne
2017-10-15 08:39:15+11:00,-37.850864231586456,144.9549043457955,16.964869999999998,34.200000000000045,2671,10.044,10044.0,,85,0.5,20,2017-10-14 21:39:15,Australia/Melbourne
2017-10-15 08:39:31+11:00,-37.850796254351735,144.9546807166189,16.98594,34.0,2670,4.6368,4636.8,,0,0.0,20,2017-10-14 21:39:31,Australia/Melbourne
2017-10-15 08:39:39+11:00,-37.85072819329798,144.95451827533543,17.00214,34.39999999999998,2672,8.298,8298.0,,82,0.0,20,2017-10-14 21:39:39,Australia/Melbourne
2017-10-15 08:39:48+11:00,-37.8506270237267,144.95432222262025,17.02272,34.200000000000045,2671,8.866800000000001,8866.800000000001,,85,0.5,20,2017-10-14 21:39:48,Australia/Melbourne
2017-10-15 08:39:57+11:00,-37.85051613114774,144.9541056342423,17.04551,34.39999999999998,2672,8.766,8766.0,,85,0.5,20,2017-10-14 21:39:57,Australia/Melbourne
2017-10-15 08:40:04+11:00,-37.850415632128716,144.9538913089782,17.067439999999998,34.200000000000045,2671,9.9108,9910.800000000001,,85,0.5,20,2017-10-14 21:40:04,Australia/Melbourne
2017-10-15 08:40:11+11:00,-37.850305661559105,144.953682012856,17.08958,34.0,2670,10.7136,10713.6,,87,0.5,20,2017-10-14 21:40:11,Australia/Melbourne
2017-10-15 08:40:18+11:00,-37.85020818002522,144.95349098928273,17.109599999999997,34.200000000000045,2671,10.3788,10378.800000000001,,87,0.5,20,2017-10-14 21:40:18,Australia/Melbourne
2017-10-15 08:40:25+11:00,-37.850110195577145,144.95328965596855,17.1304,33.799999999999955,2669,10.548,10548.0,,87,0.5,20,2017-10-14 21:40:25,Australia/Melbourne
2017-10-15 08:40:33+11:00,-37.85001112148166,144.95307264849544,17.15245,34.200000000000045,2671,10.346400000000001,10346.4,,87,0.5,20,2017-10-14 21:40:33,Australia/Melbourne
2017-10-15 08:40:41+11:00,-37.849905928596854,144.95285614393651,17.17481,34.0,2670,10.3788,10378.800000000001,,88,0.5,20,2017-10-14 21:40:41,Australia/Melbourne
2017-10-15 08:40:49+11:00,-37.84979176707566,144.95264743454754,17.19713,34.200000000000045,2671,10.278,10278.0,,86,0.5,20,2017-10-14 21:40:49,Australia/Melbourne
2017-10-15 08:40:57+11:00,-37.849686993286014,144.95242673903704,17.21979,34.39999999999998,2672,10.245600000000001,10245.6,,88,0.5,20,2017-10-14 21:40:57,Australia/Melbourne
2017-10-15 08:41:04+11:00,-37.84958750009537,144.95223043486476,17.24029,34.200000000000045,2671,10.346400000000001,10346.4,,87,0.5,20,2017-10-14 21:41:04,Australia/Melbourne
2017-10-15 08:41:11+11:00,-37.849486749619246,144.9520212225616,17.26184,33.799999999999955,2669,10.5156,10515.6,,88,0.5,20,2017-10-14 21:41:11,Australia/Melbourne
2017-10-15 08:41:19+11:00,-37.84937937743962,144.9518050532788,17.284299999999998,34.39999999999998,2672,10.4796,10479.6,,88,0.5,20,2017-10-14 21:41:19,Australia/Melbourne
2017-10-15 08:41:26+11:00,-37.84928994253278,144.9515973497182,17.305130000000002,34.200000000000045,2671,10.5156,10515.6,,88,0.5,20,2017-10-14 21:41:26,Australia/Melbourne
2017-10-15 08:41:33+11:00,-37.849188186228275,144.95140523649752,17.325470000000003,34.0,2670,10.5156,10515.6,,87,0.5,20,2017-10-14 21:41:33,Australia/Melbourne
2017-10-15 08:41:40+11:00,-37.84908693283796,144.95120625011623,17.34627,33.799999999999955,2669,10.5156,10515.6,,88,0.5,20,2017-10-14 21:41:40,Australia/Melbourne
2017-10-15 08:41:48+11:00,-37.84898769110441,144.9509891588241,17.36835,34.200000000000045,2671,10.346400000000001,10346.4,,86,0.5,20,2017-10-14 21:41:48,Australia/Melbourne
2017-10-15 08:41:55+11:00,-37.84889766946435,144.95079184882343,17.38839,34.0,2670,10.346400000000001,10346.4,,88,0.5,20,2017-10-14 21:41:55,Australia/Melbourne
2017-10-15 08:42:02+11:00,-37.84880622290075,144.95059101842344,17.40878,34.0,2670,10.3788,10378.800000000001,,86,0.5,20,2017-10-14 21:42:02,Australia/Melbourne
2017-10-15 08:42:09+11:00,-37.84870823845267,144.95038859546185,17.429650000000002,34.0,2670,10.548,10548.0,,87,0.5,20,2017-10-14 21:42:09,Australia/Melbourne
2017-10-15 08:42:17+11:00,-37.848604805767536,144.9501701630652,17.452060000000003,34.0,2670,10.4148,10414.800000000001,,88,0.5,20,2017-10-14 21:42:17,Australia/Melbourne
2017-10-15 08:42:25+11:00,-37.84849441610277,144.94996229186654,17.47408,34.200000000000045,2671,10.177200000000001,10177.2,,87,0.5,20,2017-10-14 21:42:25,Australia/Melbourne
2017-10-15 08:42:33+11:00,-37.84838427789509,144.94974075816572,17.49709,34.39999999999998,2672,10.2132,10213.2,,88,0.5,20,2017-10-14 21:42:33,Australia/Melbourne
2017-10-15 08:42:40+11:00,-37.84828637726605,144.94954235851765,17.51765,34.0,2670,10.346400000000001,10346.4,,88,0.5,20,2017-10-14 21:42:40,Australia/Melbourne
2017-10-15 08:42:47+11:00,-37.84818914718926,144.94934068992734,17.53843,34.0,2670,10.4796,10479.6,,88,0.5,20,2017-10-14 21:42:47,Australia/Melbourne
2017-10-15 08:42:55+11:00,-37.84807917661965,144.94912946596742,17.56067,34.39999999999998,2672,10.4148,10414.800000000001,,88,0.5,20,2017-10-14 21:42:55,Australia/Melbourne
2017-10-15 08:43:03+11:00,-37.847981192171574,144.9489100277424,17.58286,34.200000000000045,2671,10.346400000000001,10346.4,,89,0.0,20,2017-10-14 21:43:03,Australia/Melbourne
2017-10-15 08:43:10+11:00,-37.847884967923164,144.94871322065592,17.60321,34.0,2670,10.4148,10414.800000000001,,88,0.5,20,2017-10-14 21:43:10,Australia/Melbourne
2017-10-15 08:43:18+11:00,-37.84778228960931,144.94849797338247,17.62533,34.39999999999998,2672,10.112400000000001,10112.4,,87,0.5,19,2017-10-14 21:43:18,Australia/Melbourne
2017-10-15 08:43:25+11:00,-37.84768405370414,144.94829412549734,17.64632,34.0,2670,10.2132,10213.2,,88,0.5,19,2017-10-14 21:43:25,Australia/Melbourne
2017-10-15 08:43:33+11:00,-37.84757785499096,144.94807259179652,17.6691,34.200000000000045,2671,10.2132,10213.2,,88,0.5,19,2017-10-14 21:43:33,Australia/Melbourne
2017-10-15 08:43:41+11:00,-37.847490683197975,144.94783991016448,17.69179,34.200000000000045,2671,10.2132,10213.2,,88,0.5,19,2017-10-14 21:43:41,Australia/Melbourne
2017-10-15 08:43:48+11:00,-37.847383143380284,144.94764922186732,17.71237,33.799999999999955,2669,10.278,10278.0,,88,0.5,19,2017-10-14 21:43:48,Australia/Melbourne
2017-10-15 08:43:56+11:00,-37.847277112305164,144.94743254967034,17.734779999999997,34.0,2670,10.245600000000001,10245.6,,88,0.0,19,2017-10-14 21:43:56,Australia/Melbourne
2017-10-15 08:44:03+11:00,-37.8471733443439,144.9472397658974,17.75528,33.799999999999955,2669,10.346400000000001,10346.4,,87,0.5,19,2017-10-14 21:44:03,Australia/Melbourne
2017-10-15 08:44:10+11:00,-37.847071420401335,144.94703927077353,17.77624,33.60000000000002,2668,10.3788,10378.800000000001,,87,0.5,19,2017-10-14 21:44:10,Australia/Melbourne
2017-10-15 08:44:18+11:00,-37.8469642996788,144.9468303937465,17.79814,34.0,2670,10.314000000000002,10314.0,,86,0.5,19,2017-10-14 21:44:18,Australia/Melbourne
2017-10-15 08:44:25+11:00,-37.84686933271587,144.9466252885759,17.81904,33.60000000000002,2668,10.278,10278.0,,86,0.5,19,2017-10-14 21:44:25,Australia/Melbourne
2017-10-15 08:44:33+11:00,-37.846763553097844,144.94640241377056,17.84191,33.39999999999998,2667,10.2132,10213.2,,87,0.5,19,2017-10-14 21:44:33,Australia/Melbourne
2017-10-15 08:44:40+11:00,-37.84667495638132,144.94619512930512,17.862650000000002,33.39999999999998,2667,10.314000000000002,10314.0,,87,0.5,19,2017-10-14 21:44:40,Australia/Melbourne
2017-10-15 08:44:47+11:00,-37.84658401273191,144.9459942150861,17.88301,33.39999999999998,2667,10.4472,10447.2,,87,0.5,19,2017-10-14 21:44:47,Australia/Melbourne
2017-10-15 08:44:54+11:00,-37.84648158587515,144.9457964859903,17.90385,33.200000000000045,2666,10.4796,10479.6,,88,0.5,19,2017-10-14 21:44:54,Australia/Melbourne
2017-10-15 08:44:55+11:00,-37.84646918065846,144.94577284902334,17.90634,33.200000000000045,2666,10.4472,10447.2,,87,0.5,19,2017-10-14 21:44:55,Australia/Melbourne
2017-10-15 08:45:03+11:00,-37.84637697972357,144.94555408135056,17.928150000000002,33.0,2665,10.314000000000002,10314.0,,87,0.5,19,2017-10-14 21:45:03,Australia/Melbourne
2017-10-15 08:45:10+11:00,-37.846285197883844,144.94535232894123,17.948610000000002,33.39999999999998,2667,10.346400000000001,10346.4,,87,0.5,19,2017-10-14 21:45:10,Australia/Melbourne
2017-10-15 08:45:17+11:00,-37.84619643352926,144.94515124708414,17.968880000000002,33.0,2665,10.3788,10378.800000000001,,88,0.5,19,2017-10-14 21:45:17,Australia/Melbourne
2017-10-15 08:45:25+11:00,-37.846104986965656,144.94493449106812,17.990509999999997,33.200000000000045,2666,10.177200000000001,10177.2,,87,0.5,19,2017-10-14 21:45:25,Australia/Melbourne
2017-10-15 08:45:29+11:00,-37.846056036651134,144.94481848552823,18.002080000000003,32.799999999999955,2664,10.1448,10144.800000000001,,86,0.5,19,2017-10-14 21:45:29,Australia/Melbourne
2017-10-15 08:45:37+11:00,-37.845956878736615,144.94461706839502,18.02293,33.0,2665,9.9108,9910.800000000001,,88,0.5,19,2017-10-14 21:45:37,Australia/Melbourne
2017-10-15 08:45:45+11:00,-37.84584615379572,144.94440282694995,18.045450000000002,33.0,2665,9.9756,9975.6,,87,0.5,19,2017-10-14 21:45:45,Australia/Melbourne
2017-10-15 08:45:52+11:00,-37.845748253166676,144.94419964961708,18.06637,33.0,2665,10.0764,10076.4,,88,0.5,19,2017-10-14 21:45:52,Australia/Melbourne
2017-10-15 08:45:58+11:00,-37.845664685592055,144.94403435848653,18.08363,32.60000000000002,2663,10.1448,10144.800000000001,,87,0.5,19,2017-10-14 21:45:58,Australia/Melbourne
2017-10-15 08:46:05+11:00,-37.84557952545583,144.94383252225816,18.103759999999998,33.0,2665,10.2132,10213.2,,86,0.5,19,2017-10-14 21:46:05,Australia/Melbourne
2017-10-15 08:46:12+11:00,-37.845482965931296,144.94363948702812,18.123849999999997,33.0,2665,10.278,10278.0,,87,0.5,19,2017-10-14 21:46:12,Australia/Melbourne
2017-10-15 08:46:20+11:00,-37.84537601284683,144.94342340156436,18.146279999999997,32.60000000000002,2663,10.2132,10213.2,,87,0.5,19,2017-10-14 21:46:20,Australia/Melbourne
2017-10-15 08:46:27+11:00,-37.845289427787066,144.94321988895535,18.166610000000002,32.200000000000045,2661,10.314000000000002,10314.0,,88,0.0,19,2017-10-14 21:46:27,Australia/Melbourne
2017-10-15 08:46:35+11:00,-37.84518155269325,144.94300690479577,18.18888,32.799999999999955,2664,10.177200000000001,10177.2,,87,0.5,19,2017-10-14 21:46:35,Australia/Melbourne
2017-10-15 08:46:42+11:00,-37.845094464719296,144.94280582293868,18.209049999999998,32.39999999999998,2662,10.2132,10213.2,,88,0.5,19,2017-10-14 21:46:42,Australia/Melbourne
2017-10-15 08:46:49+11:00,-37.84499388188124,144.94260465726256,18.22998,32.60000000000002,2663,10.278,10278.0,,88,0.5,19,2017-10-14 21:46:49,Australia/Melbourne
2017-10-15 08:46:57+11:00,-37.84489371813834,144.94238446466625,18.25233,32.39999999999998,2662,10.278,10278.0,,87,0.5,19,2017-10-14 21:46:57,Australia/Melbourne
2017-10-15 08:47:05+11:00,-37.84481375478208,144.94215672835708,18.274259999999998,32.60000000000002,2663,10.2132,10213.2,,88,0.0,19,2017-10-14 21:47:05,Australia/Melbourne
2017-10-15 08:47:12+11:00,-37.844754913821816,144.9419321771711,18.295099999999998,32.39999999999998,2662,10.245600000000001,10245.6,,88,0.5,19,2017-10-14 21:47:12,Australia/Melbourne
2017-10-15 08:47:19+11:00,-37.84471702761948,144.9417085479945,18.31525,32.799999999999955,2664,10.245600000000001,10245.6,,87,0.5,19,2017-10-14 21:47:19,Australia/Melbourne
2017-10-15 08:47:27+11:00,-37.84468039870262,144.94145792908967,18.33773,32.799999999999955,2664,10.245600000000001,10245.6,,86,0.5,19,2017-10-14 21:47:27,Australia/Melbourne
2017-10-15 08:47:35+11:00,-37.84464620053768,144.94122222997248,18.35883,33.0,2665,10.1448,10144.800000000001,,87,0.5,19,2017-10-14 21:47:35,Australia/Melbourne
2017-10-15 08:47:43+11:00,-37.8446192946285,144.94098250754178,18.38014,33.200000000000045,2666,9.943200000000001,9943.2,,88,0.5,19,2017-10-14 21:47:43,Australia/Melbourne
2017-10-15 08:47:50+11:00,-37.84458249807358,144.94074898771942,18.401130000000002,33.200000000000045,2666,10.011600000000001,10011.6,,86,0.0,19,2017-10-14 21:47:50,Australia/Melbourne
2017-10-15 08:47:58+11:00,-37.84450982697308,144.94050993584096,18.42372,33.200000000000045,2666,10.112400000000001,10112.4,,85,0.5,19,2017-10-14 21:47:58,Australia/Melbourne
2017-10-15 08:48:05+11:00,-37.844437742605805,144.94029158726335,18.44455,33.0,2665,10.2132,10213.2,,86,0.0,19,2017-10-14 21:48:05,Australia/Melbourne
2017-10-15 08:48:12+11:00,-37.8443465474993,144.94008472189307,18.46539,33.0,2665,10.3788,10378.800000000001,,88,0.0,19,2017-10-14 21:48:12,Australia/Melbourne
2017-10-15 08:48:19+11:00,-37.84424353390932,144.93988690897822,18.486259999999998,33.200000000000045,2666,10.548,10548.0,,87,0.5,19,2017-10-14 21:48:19,Australia/Melbourne
2017-10-15 08:48:27+11:00,-37.844123756513,144.93968926370144,18.50816,33.200000000000045,2666,10.4796,10479.6,,85,0.5,19,2017-10-14 21:48:27,Australia/Melbourne
2017-10-15 08:48:34+11:00,-37.8440114390105,144.939497821033,18.52912,33.0,2665,10.5156,10515.6,,87,0.5,19,2017-10-14 21:48:34,Australia/Melbourne
2017-10-15 08:48:42+11:00,-37.84389015287161,144.9393054563552,18.550759999999997,33.200000000000045,2666,10.3788,10378.800000000001,,86,0.5,19,2017-10-14 21:48:42,Australia/Melbourne
2017-10-15 08:48:49+11:00,-37.84378646872938,144.93911795318127,18.57091,33.0,2665,10.3788,10378.800000000001,,86,0.5,19,2017-10-14 21:48:49,Australia/Melbourne
2017-10-15 08:48:51+11:00,-37.843789737671614,144.93909431621432,18.573349999999998,33.39999999999998,2667,10.278,10278.0,,86,0.5,19,2017-10-14 21:48:51,Australia/Melbourne
2017-10-15 08:48:55+11:00,-37.843858720734715,144.93919741362333,18.58527,33.60000000000002,2668,10.177200000000001,10177.2,,86,0.5,19,2017-10-14 21:48:55,Australia/Melbourne
2017-10-15 08:49:02+11:00,-37.84397288225591,144.93939363397658,18.60669,33.0,2665,10.245600000000001,10245.6,,86,0.5,19,2017-10-14 21:49:02,Australia/Melbourne
2017-10-15 08:49:09+11:00,-37.84408603794873,144.9395847413689,18.627689999999998,33.0,2665,10.3788,10378.800000000001,,88,0.5,19,2017-10-14 21:49:09,Australia/Melbourne
2017-10-15 08:49:16+11:00,-37.844200702384114,144.9397719092667,18.648529999999997,33.0,2665,10.3788,10378.800000000001,,87,0.5,19,2017-10-14 21:49:16,Australia/Melbourne
2017-10-15 08:49:24+11:00,-37.84431109204888,144.93998874910176,18.67123,33.200000000000045,2666,10.278,10278.0,,87,0.5,19,2017-10-14 21:49:24,Australia/Melbourne
2017-10-15 08:49:31+11:00,-37.84441159106791,144.94018781930208,18.692040000000002,33.200000000000045,2666,10.314000000000002,10314.0,,87,0.5,19,2017-10-14 21:49:31,Australia/Melbourne
2017-10-15 08:49:38+11:00,-37.84450580365956,144.94039116427302,18.71276,33.0,2665,10.3788,10378.800000000001,,89,0.5,19,2017-10-14 21:49:38,Australia/Melbourne
2017-10-15 08:49:46+11:00,-37.84457227215171,144.94063231162727,18.73533,33.60000000000002,2668,10.3788,10378.800000000001,,88,0.5,19,2017-10-14 21:49:46,Australia/Melbourne
2017-10-15 08:49:54+11:00,-37.84462105482817,144.9408781528473,18.75766,33.60000000000002,2668,10.3788,10378.800000000001,,87,0.5,19,2017-10-14 21:49:54,Australia/Melbourne
2017-10-15 08:50:02+11:00,-37.844650223851204,144.9411226529628,18.77942,33.60000000000002,2668,10.1448,10144.800000000001,,88,0.5,19,2017-10-14 21:50:02,Australia/Melbourne
2017-10-15 08:50:10+11:00,-37.8446747828275,144.94137704372406,18.80199,33.200000000000045,2666,10.278,10278.0,,89,0.5,20,2017-10-14 21:50:10,Australia/Melbourne
2017-10-15 08:50:16+11:00,-37.84471124410629,144.94157125242054,18.81959,31.600000000000023,2658,10.314000000000002,10314.0,,88,0.5,20,2017-10-14 21:50:16,Australia/Melbourne
2017-10-15 08:50:24+11:00,-37.84474527463317,144.94181407615542,18.84131,31.600000000000023,2658,10.278,10278.0,,88,0.5,20,2017-10-14 21:50:24,Australia/Melbourne
2017-10-15 08:50:32+11:00,-37.84480017609894,144.94206301867962,18.86405,31.600000000000023,2658,10.1448,10144.800000000001,,88,0.5,20,2017-10-14 21:50:32,Australia/Melbourne
2017-10-15 08:50:38+11:00,-37.84486027434468,144.9422485101968,18.881709999999998,31.600000000000023,2658,10.177200000000001,10177.2,,88,0.5,20,2017-10-14 21:50:38,Australia/Melbourne
2017-10-15 08:50:46+11:00,-37.844945350661874,144.94248655624688,18.90472,31.399999999999977,2657,10.177200000000001,10177.2,,87,0.5,20,2017-10-14 21:50:46,Australia/Melbourne
2017-10-15 08:50:53+11:00,-37.84504249691963,144.94269602000713,18.92615,31.799999999999955,2659,10.278,10278.0,,88,0.5,20,2017-10-14 21:50:53,Australia/Melbourne
2017-10-15 08:51:01+11:00,-37.845155484974384,144.94291269220412,18.94898,31.600000000000023,2658,10.314000000000002,10314.0,,86,0.5,20,2017-10-14 21:51:01,Australia/Melbourne
2017-10-15 08:51:08+11:00,-37.84526168368757,144.94311461225152,18.970299999999998,32.0,2660,10.4472,10447.2,,87,0.5,20,2017-10-14 21:51:08,Australia/Melbourne
2017-10-15 08:51:15+11:00,-37.84535380080342,144.9433188792318,18.991,31.600000000000023,2658,10.6128,10612.800000000001,,87,0.5,20,2017-10-14 21:51:15,Australia/Melbourne
2017-10-15 08:51:19+11:00,-37.84540576860309,144.9434335436672,19.00261,31.799999999999955,2659,10.580400000000001,10580.4,,88,0.5,21,2017-10-14 21:51:19,Australia/Melbourne
2017-10-15 08:51:26+11:00,-37.84549721516669,144.94363001547754,19.02268,32.0,2660,10.4472,10447.2,,87,0.5,21,2017-10-14 21:51:26,Australia/Melbourne
2017-10-15 08:51:33+11:00,-37.84559394232929,144.94382648728788,19.04304,31.600000000000023,2658,10.4472,10447.2,,88,0.5,21,2017-10-14 21:51:33,Australia/Melbourne
2017-10-15 08:51:41+11:00,-37.845699302852154,144.94404215365648,19.06534,32.0,2660,10.314000000000002,10314.0,,88,0.5,21,2017-10-14 21:51:41,Australia/Melbourne
2017-10-15 08:51:49+11:00,-37.84580265171826,144.9442584067583,19.08759,31.799999999999955,2659,10.245600000000001,10245.6,,88,0.5,21,2017-10-14 21:51:49,Australia/Melbourne
2017-10-15 08:51:56+11:00,-37.8458973672241,144.94445303454995,19.1077,32.0,2660,10.278,10278.0,,88,0.5,21,2017-10-14 21:51:56,Australia/Melbourne
2017-10-15 08:52:03+11:00,-37.84599099308252,144.94466149248183,19.12881,32.200000000000045,2661,10.3788,10378.800000000001,,88,0.5,21,2017-10-14 21:52:03,Australia/Melbourne
2017-10-15 08:52:10+11:00,-37.84608755260706,144.94486508890986,19.14969,32.0,2660,10.5156,10515.6,,89,0.5,21,2017-10-14 21:52:10,Australia/Melbourne
2017-10-15 08:52:14+11:00,-37.84614312462509,144.9449774902314,19.16135,32.0,2660,10.548,10548.0,,88,0.5,21,2017-10-14 21:52:14,Australia/Melbourne
2017-10-15 08:52:22+11:00,-37.84624672494829,144.9451867863536,19.18309,32.39999999999998,2662,10.3788,10378.800000000001,,87,0.5,21,2017-10-14 21:52:22,Australia/Melbourne
2017-10-15 08:52:30+11:00,-37.84635183401406,144.94540865533054,19.20584,32.200000000000045,2661,10.3788,10378.800000000001,,88,0.0,21,2017-10-14 21:52:30,Australia/Melbourne
2017-10-15 08:52:37+11:00,-37.84644034691155,144.94561501778662,19.226509999999998,32.60000000000002,2663,10.4148,10414.800000000001,,88,0.5,21,2017-10-14 21:52:37,Australia/Melbourne
2017-10-15 08:52:45+11:00,-37.846542773768306,144.94583311490715,19.24883,32.200000000000045,2661,10.245600000000001,10245.6,,87,0.5,21,2017-10-14 21:52:45,Australia/Melbourne
2017-10-15 08:52:53+11:00,-37.84665014594793,144.94604643434286,19.27109,32.39999999999998,2662,10.177200000000001,10177.2,,87,0.5,21,2017-10-14 21:52:53,Australia/Melbourne
2017-10-15 08:53:00+11:00,-37.84674486145377,144.94623938575387,19.29112,32.39999999999998,2662,10.314000000000002,10314.0,,87,0.5,21,2017-10-14 21:53:00,Australia/Melbourne
2017-10-15 08:53:08+11:00,-37.84685164690018,144.94645413011312,19.31343,32.39999999999998,2662,10.245600000000001,10245.6,,87,0.5,21,2017-10-14 21:53:08,Australia/Melbourne
2017-10-15 08:53:16+11:00,-37.84695063717663,144.94667356833816,19.33566,32.60000000000002,2663,10.2132,10213.2,,88,0.5,21,2017-10-14 21:53:16,Australia/Melbourne
2017-10-15 08:53:18+11:00,-37.84697335213423,144.94672570377588,19.340889999999998,32.60000000000002,2663,10.177200000000001,10177.2,,88,0.5,21,2017-10-14 21:53:18,Australia/Melbourne
2017-10-15 08:53:26+11:00,-37.847072342410684,144.94694832712412,19.36337,32.60000000000002,2663,10.1448,10144.800000000001,,88,0.5,22,2017-10-14 21:53:26,Australia/Melbourne
2017-10-15 08:53:34+11:00,-37.84717770293355,144.94716768153012,19.38597,33.0,2665,10.112400000000001,10112.4,,87,0.5,22,2017-10-14 21:53:34,Australia/Melbourne
2017-10-15 08:53:41+11:00,-37.84726470708847,144.94736809283495,19.40607,32.799999999999955,2664,10.278,10278.0,,88,0.5,22,2017-10-14 21:53:41,Australia/Melbourne
2017-10-15 08:53:49+11:00,-37.847367553040385,144.9475865252316,19.42843,32.799999999999955,2664,10.2132,10213.2,,86,0.5,22,2017-10-14 21:53:49,Australia/Melbourne
2017-10-15 08:53:57+11:00,-37.847471656277776,144.94780143722892,19.450599999999998,32.799999999999955,2664,10.112400000000001,10112.4,,88,0.5,22,2017-10-14 21:53:57,Australia/Melbourne
2017-10-15 08:54:04+11:00,-37.847557654604316,144.948007799685,19.4711,33.39999999999998,2667,10.177200000000001,10177.2,,88,0.5,22,2017-10-14 21:54:04,Australia/Melbourne
2017-10-15 08:54:11+11:00,-37.84763753414154,144.94821759872139,19.49163,33.200000000000045,2666,10.2132,10213.2,,87,0.5,22,2017-10-14 21:54:11,Australia/Melbourne
2017-10-15 08:54:19+11:00,-37.847751108929515,144.94843552820385,19.51457,33.0,2665,10.346400000000001,10346.4,,87,0.5,22,2017-10-14 21:54:19,Australia/Melbourne
2017-10-15 08:54:27+11:00,-37.84785948693752,144.94864482432604,19.53664,33.0,2665,10.278,10278.0,,87,0.5,22,2017-10-14 21:54:27,Australia/Melbourne
2017-10-15 08:54:35+11:00,-37.84795864485204,144.94886283762753,19.55877,33.0,2665,10.0764,10076.4,,87,0.5,22,2017-10-14 21:54:35,Australia/Melbourne
2017-10-15 08:54:43+11:00,-37.84806517884135,144.94907984510064,19.58124,33.0,2665,10.112400000000001,10112.4,,87,0.5,22,2017-10-14 21:54:43,Australia/Melbourne
2017-10-15 08:54:50+11:00,-37.84815846942365,144.94927455671132,19.60126,33.0,2665,10.1448,10144.800000000001,,88,0.5,22,2017-10-14 21:54:50,Australia/Melbourne
2017-10-15 08:54:57+11:00,-37.84825712442398,144.9494724534452,19.62186,33.0,2665,10.245600000000001,10245.6,,87,0.5,22,2017-10-14 21:54:57,Australia/Melbourne
2017-10-15 08:55:04+11:00,-37.84834639169276,144.9496775586158,19.642439999999997,33.0,2665,10.314000000000002,10314.0,,88,0.5,22,2017-10-14 21:55:04,Australia/Melbourne
2017-10-15 08:55:11+11:00,-37.84844580106437,144.9498747009784,19.663,32.799999999999955,2664,10.4796,10479.6,,87,0.5,22,2017-10-14 21:55:11,Australia/Melbourne
2017-10-15 08:55:18+11:00,-37.84855912439525,144.95005901902914,19.68355,33.39999999999998,2667,10.4796,10479.6,,88,0.5,22,2017-10-14 21:55:18,Australia/Melbourne
2017-10-15 08:55:26+11:00,-37.84866280853748,144.95026764459908,19.70522,33.0,2665,10.314000000000002,10314.0,,87,0.5,23,2017-10-14 21:55:26,Australia/Melbourne
2017-10-15 08:55:34+11:00,-37.84876682795584,144.95048750191927,19.72774,33.0,2665,10.314000000000002,10314.0,,87,0.0,23,2017-10-14 21:55:34,Australia/Melbourne
2017-10-15 08:55:42+11:00,-37.84888065420091,144.95069805532694,19.75016,32.60000000000002,2663,10.278,10278.0,,88,0.5,23,2017-10-14 21:55:42,Australia/Melbourne
2017-10-15 08:55:50+11:00,-37.84899406135082,144.95091171003878,19.7728,32.799999999999955,2664,10.245600000000001,10245.6,,87,0.5,23,2017-10-14 21:55:50,Australia/Melbourne
2017-10-15 08:55:58+11:00,-37.84908869303763,144.95113173499703,19.79487,32.799999999999955,2664,10.1448,10144.800000000001,,86,0.5,23,2017-10-14 21:55:58,Australia/Melbourne
2017-10-15 08:56:06+11:00,-37.84918340854347,144.95136030949652,19.81757,32.799999999999955,2664,10.1448,10144.800000000001,,86,0.5,23,2017-10-14 21:56:06,Australia/Melbourne
2017-10-15 08:56:14+11:00,-37.84929798915982,144.95156700722873,19.83985,33.200000000000045,2666,10.314000000000002,10314.0,,87,0.5,23,2017-10-14 21:56:14,Australia/Melbourne
2017-10-15 08:56:22+11:00,-37.8493975661695,144.95178954675794,19.86235,32.60000000000002,2663,10.044,10044.0,,86,0.5,23,2017-10-14 21:56:22,Australia/Melbourne
2017-10-15 08:56:29+11:00,-37.84950326196849,144.95197805576026,19.8827,33.0,2665,10.4472,10447.2,,87,0.5,23,2017-10-14 21:56:29,Australia/Melbourne
2017-10-15 08:56:37+11:00,-37.84959294833243,144.952202020213,19.90476,33.0,2665,10.245600000000001,10245.6,,87,0.0,23,2017-10-14 21:56:37,Australia/Melbourne
2017-10-15 08:56:44+11:00,-37.84967986866832,144.95239580981433,19.92436,34.39999999999998,2672,10.278,10278.0,,86,0.0,23,2017-10-14 21:56:44,Australia/Melbourne
2017-10-15 08:56:48+11:00,-37.849741810932755,144.95249622501433,19.93561,34.0,2670,10.245600000000001,10245.6,,86,0.5,23,2017-10-14 21:56:48,Australia/Melbourne
2017-10-15 08:56:56+11:00,-37.84985203295946,144.9527054373175,19.9577,34.200000000000045,2671,10.177200000000001,10177.2,,86,0.5,23,2017-10-14 21:56:56,Australia/Melbourne
2017-10-15 08:57:03+11:00,-37.84994037821889,144.9529105424881,19.978240000000003,34.0,2670,10.2132,10213.2,,86,0.5,23,2017-10-14 21:57:03,Australia/Melbourne
2017-10-15 08:57:10+11:00,-37.850038446485996,144.95310550555587,19.99858,34.0,2670,10.2132,10213.2,,86,0.5,23,2017-10-14 21:57:10,Australia/Melbourne
2017-10-15 08:57:11+11:00,-37.85005168989301,144.9531328305602,20.0014,34.0,2670,10.2132,10213.2,,87,0.5,23,2017-10-14 21:57:11,Australia/Melbourne
2017-10-15 08:57:19+11:00,-37.85015202127397,144.95335360988975,20.02381,34.200000000000045,2671,10.177200000000001,10177.2,,85,0.5,23,2017-10-14 21:57:19,Australia/Melbourne
2017-10-15 08:57:26+11:00,-37.85024858079851,144.95354840531945,20.04403,34.200000000000045,2671,10.245600000000001,10245.6,,88,0.0,23,2017-10-14 21:57:26,Australia/Melbourne
2017-10-15 08:57:34+11:00,-37.85036207176745,144.95376189239323,20.06667,34.200000000000045,2671,10.245600000000001,10245.6,,86,0.5,23,2017-10-14 21:57:34,Australia/Melbourne
2017-10-15 08:57:41+11:00,-37.85045402124524,144.95395811274648,20.086740000000002,33.799999999999955,2669,10.245600000000001,10245.6,,87,0.0,23,2017-10-14 21:57:41,Australia/Melbourne
2017-10-15 08:57:49+11:00,-37.850570529699326,144.9541698396206,20.10944,33.60000000000002,2668,10.177200000000001,10177.2,,86,0.5,23,2017-10-14 21:57:49,Australia/Melbourne
2017-10-15 08:57:58+11:00,-37.85066415555775,144.95437268167734,20.13015,33.799999999999955,2669,5.8788,5878.8,,86,0.0,23,2017-10-14 21:57:58,Australia/Melbourne
2017-10-15 08:58:15+11:00,-37.850748393684626,144.9545842409134,20.150740000000003,33.799999999999955,2669,4.7376000000000005,4737.6,,59,0.0,24,2017-10-14 21:58:15,Australia/Melbourne
2017-10-15 08:58:29+11:00,-37.85085467621684,144.95477383956313,20.171259999999997,34.0,2670,5.0724,5072.400000000001,,59,0.0,24,2017-10-14 21:58:29,Australia/Melbourne
2017-10-15 08:58:42+11:00,-37.85095953382552,144.9549651145935,20.19176,33.60000000000002,2668,5.7780000000000005,5778.0,,59,0.0,24,2017-10-14 21:58:42,Australia/Melbourne
2017-10-15 08:58:50+11:00,-37.85106187686324,144.9551823735237,20.21406,33.799999999999955,2669,10.5156,10515.6,,88,0.5,24,2017-10-14 21:58:50,Australia/Melbourne
2017-10-15 08:58:57+11:00,-37.851153910160065,144.95538856834173,20.23491,33.39999999999998,2667,10.5156,10515.6,,87,0.5,24,2017-10-14 21:58:57,Australia/Melbourne
2017-10-15 08:59:04+11:00,-37.85126019269228,144.95560113340616,20.25703,33.60000000000002,2668,11.016,11016.0,,87,0.5,24,2017-10-14 21:59:04,Australia/Melbourne
2017-10-15 08:59:11+11:00,-37.8513577580452,144.95579559355974,20.27731,33.39999999999998,2667,10.814400000000001,10814.4,,87,0.5,24,2017-10-14 21:59:11,Australia/Melbourne
2017-10-15 08:59:19+11:00,-37.85145993344486,144.95601922273636,20.30003,33.39999999999998,2667,10.580400000000001,10580.4,,87,0.5,24,2017-10-14 21:59:19,Australia/Melbourne
2017-10-15 08:59:26+11:00,-37.851559007540345,144.95621846057475,20.32074,33.200000000000045,2666,10.548,10548.0,,88,0.5,24,2017-10-14 21:59:26,Australia/Melbourne
2017-10-15 08:59:33+11:00,-37.851658668369055,144.95641157962382,20.34102,33.200000000000045,2666,10.580400000000001,10580.4,,89,0.5,24,2017-10-14 21:59:33,Australia/Melbourne
2017-10-15 08:59:40+11:00,-37.851761765778065,144.95660277083516,20.36138,33.200000000000045,2666,10.4472,10447.2,,88,0.5,24,2017-10-14 21:59:40,Australia/Melbourne
2017-10-15 08:59:48+11:00,-37.85186033695936,144.95682656764984,20.38396,33.0,2665,10.314000000000002,10314.0,,87,0.5,24,2017-10-14 21:59:48,Australia/Melbourne
2017-10-15 08:59:56+11:00,-37.85196242853999,144.9570434074849,20.40616,33.200000000000045,2666,10.0764,10076.4,,87,0.5,24,2017-10-14 21:59:56,Australia/Melbourne
2017-10-15 09:00:04+11:00,-37.85206267610192,144.95726603083313,20.4287,32.799999999999955,2664,10.1448,10144.800000000001,,88,0.5,24,2017-10-14 22:00:04,Australia/Melbourne
2017-10-15 09:00:12+11:00,-37.85217407159507,144.9574786797166,20.451130000000003,33.39999999999998,2667,10.112400000000001,10112.4,,88,0.5,24,2017-10-14 22:00:12,Australia/Melbourne
2017-10-15 09:00:20+11:00,-37.85228286869824,144.95769216679037,20.47348,32.799999999999955,2664,10.112400000000001,10112.4,,88,0.5,24,2017-10-14 22:00:20,Australia/Melbourne
2017-10-15 09:00:28+11:00,-37.852394515648484,144.95789492502809,20.4952,32.799999999999955,2664,10.0764,10076.4,,87,0.5,24,2017-10-14 22:00:28,Australia/Melbourne
2017-10-15 09:00:36+11:00,-37.85249384120107,144.95811796747148,20.51776,32.799999999999955,2664,10.0764,10076.4,,87,0.5,24,2017-10-14 22:00:36,Australia/Melbourne
2017-10-15 09:00:43+11:00,-37.852590987458825,144.95830941013992,20.5378,32.799999999999955,2664,10.0764,10076.4,,87,0.5,24,2017-10-14 22:00:43,Australia/Melbourne
2017-10-15 09:00:50+11:00,-37.8526768181473,144.9585295189172,20.55942,32.60000000000002,2663,10.2132,10213.2,,87,0.5,24,2017-10-14 22:00:50,Australia/Melbourne
2017-10-15 09:00:58+11:00,-37.85277941264212,144.95874023996294,20.58118,33.0,2665,10.177200000000001,10177.2,,88,0.5,24,2017-10-14 22:00:58,Australia/Melbourne
2017-10-15 09:01:06+11:00,-37.85288100130856,144.95894140563905,20.6022,33.0,2665,9.943200000000001,9943.2,,87,0.5,24,2017-10-14 22:01:06,Australia/Melbourne
2017-10-15 09:01:14+11:00,-37.85298929549754,144.95915992185473,20.62492,32.799999999999955,2664,10.044,10044.0,,88,0.5,24,2017-10-14 22:01:14,Australia/Melbourne
2017-10-15 09:01:21+11:00,-37.85308468155563,144.95935522019863,20.64511,33.200000000000045,2666,10.1448,10144.800000000001,,88,0.5,24,2017-10-14 22:01:21,Australia/Melbourne
2017-10-15 09:01:29+11:00,-37.8531897906214,144.95957323350012,20.66759,32.799999999999955,2664,10.1448,10144.800000000001,,88,0.5,24,2017-10-14 22:01:29,Australia/Melbourne
2017-10-15 09:01:36+11:00,-37.85327855497599,144.9597724713385,20.68771,33.200000000000045,2666,10.2132,10213.2,,88,0.5,24,2017-10-14 22:01:36,Australia/Melbourne
2017-10-15 09:01:43+11:00,-37.85336664877832,144.95997229591012,20.70787,33.0,2665,10.278,10278.0,,88,0.5,24,2017-10-14 22:01:43,Australia/Melbourne
2017-10-15 09:01:51+11:00,-37.853474356234074,144.96018385514617,20.73001,33.200000000000045,2666,10.2132,10213.2,,87,0.5,24,2017-10-14 22:01:51,Australia/Melbourne
2017-10-15 09:01:59+11:00,-37.85357787273824,144.96039365418255,20.75177,33.200000000000045,2666,10.044,10044.0,,87,0.5,24,2017-10-14 22:01:59,Australia/Melbourne
2017-10-15 09:02:07+11:00,-37.85368583165109,144.9606031179428,20.77378,33.39999999999998,2667,10.011600000000001,10011.6,,88,0.5,24,2017-10-14 22:02:07,Australia/Melbourne
2017-10-15 09:02:15+11:00,-37.85379630513489,144.96081962250173,20.79646,33.39999999999998,2667,10.011600000000001,10011.6,,87,0.5,24,2017-10-14 22:02:15,Australia/Melbourne
2017-10-15 09:02:23+11:00,-37.85390032455325,144.96103327721357,20.818540000000002,33.200000000000045,2666,10.0764,10076.4,,87,0.5,24,2017-10-14 22:02:23,Australia/Melbourne
2017-10-15 09:02:30+11:00,-37.85398372448981,144.96124366298318,20.83925,33.39999999999998,2667,9.8424,9842.4,,87,0.5,24,2017-10-14 22:02:30,Australia/Melbourne
2017-10-15 09:02:38+11:00,-37.854094449430704,144.96145052835345,20.861259999999998,33.39999999999998,2667,9.9108,9910.800000000001,,87,0.5,23,2017-10-14 22:02:38,Australia/Melbourne
2017-10-15 09:02:46+11:00,-37.85420794039965,144.9616541247815,20.88316,33.39999999999998,2667,10.0764,10076.4,,87,0.5,23,2017-10-14 22:02:46,Australia/Melbourne
2017-10-15 09:02:54+11:00,-37.85431866534054,144.9618626665324,20.905240000000003,33.200000000000045,2666,9.9108,9910.800000000001,,87,0.5,23,2017-10-14 22:02:54,Australia/Melbourne
2017-10-15 09:03:02+11:00,-37.85443617962301,144.962067771703,20.927529999999997,32.799999999999955,2664,10.011600000000001,10011.6,,86,0.5,23,2017-10-14 22:03:02,Australia/Melbourne
2017-10-15 09:03:10+11:00,-37.85454388707876,144.96227849274874,20.94958,33.200000000000045,2666,10.011600000000001,10011.6,,87,0.5,23,2017-10-14 22:03:10,Australia/Melbourne
2017-10-15 09:03:18+11:00,-37.854670118540525,144.9624768923968,20.97196,33.0,2665,10.011600000000001,10011.6,,88,0.5,23,2017-10-14 22:03:18,Australia/Melbourne
2017-10-15 09:03:25+11:00,-37.85477832891047,144.962667664513,20.99261,33.0,2665,10.177200000000001,10177.2,,87,0.5,23,2017-10-14 22:03:25,Australia/Melbourne
2017-10-15 09:03:28+11:00,-37.854825938120484,144.96275106444955,21.00165,33.0,2665,10.278,10278.0,,87,0.5,23,2017-10-14 22:03:28,Australia/Melbourne
2017-10-15 09:03:36+11:00,-37.85494638606906,144.9629570916295,21.02423,33.0,2665,10.177200000000001,10177.2,,87,0.5,23,2017-10-14 22:03:36,Australia/Melbourne
2017-10-15 09:03:43+11:00,-37.855052752420306,144.96314828284085,21.0448,33.200000000000045,2666,10.278,10278.0,,87,0.5,23,2017-10-14 22:03:43,Australia/Melbourne
2017-10-15 09:03:51+11:00,-37.85517596639693,144.96334500610828,21.06688,33.0,2665,10.2132,10213.2,,88,0.5,23,2017-10-14 22:03:51,Australia/Melbourne
2017-10-15 09:03:59+11:00,-37.85528811626136,144.9635448306799,21.08843,32.60000000000002,2663,10.112400000000001,10112.4,,87,0.5,23,2017-10-14 22:03:59,Australia/Melbourne
2017-10-15 09:04:07+11:00,-37.85539791919291,144.9637581501156,21.11084,33.200000000000045,2666,10.0764,10076.4,,86,0.5,23,2017-10-14 22:04:07,Australia/Melbourne
2017-10-15 09:04:15+11:00,-37.855517361313105,144.96396141126752,21.1331,33.0,2665,10.011600000000001,10011.6,,87,0.5,23,2017-10-14 22:04:15,Australia/Melbourne
2017-10-15 09:04:23+11:00,-37.855638060718775,144.96416768990457,21.15569,32.39999999999998,2662,10.011600000000001,10011.6,,87,0.5,23,2017-10-14 22:04:23,Australia/Melbourne
2017-10-15 09:04:31+11:00,-37.85575800575316,144.9643786624074,21.17856,32.799999999999955,2664,10.0764,10076.4,,86,0.5,24,2017-10-14 22:04:31,Australia/Melbourne
2017-10-15 09:04:39+11:00,-37.85587468184531,144.96459240093827,21.20141,33.0,2665,10.0764,10076.4,,85,0.5,24,2017-10-14 22:04:39,Australia/Melbourne
2017-10-15 09:04:47+11:00,-37.85599269904196,144.9647965002805,21.223650000000003,32.799999999999955,2664,10.0764,10076.4,,86,0.5,24,2017-10-14 22:04:47,Australia/Melbourne
2017-10-15 09:04:55+11:00,-37.856108117848635,144.96499515138566,21.245330000000003,33.0,2665,9.9756,9975.6,,86,0.5,24,2017-10-14 22:04:55,Australia/Melbourne
2017-10-15 09:04:58+11:00,-37.85615170374513,144.96507922187448,21.25418,33.39999999999998,2667,10.011600000000001,10011.6,,87,0.5,24,2017-10-14 22:04:58,Australia/Melbourne
2017-10-15 09:05:06+11:00,-37.85627190023661,144.96528893709183,21.27699,33.39999999999998,2667,10.0764,10076.4,,85,0.5,24,2017-10-14 22:05:06,Australia/Melbourne
2017-10-15 09:05:14+11:00,-37.85638933070004,144.96549563482404,21.29943,33.799999999999955,2669,10.1448,10144.800000000001,,87,0.5,23,2017-10-14 22:05:14,Australia/Melbourne
2017-10-15 09:05:22+11:00,-37.85650173202157,144.965706942603,21.32187,33.200000000000045,2666,10.011600000000001,10011.6,,86,0.5,23,2017-10-14 22:05:22,Australia/Melbourne
2017-10-15 09:05:30+11:00,-37.85662092268467,144.96589444577694,21.34306,33.39999999999998,2667,9.9108,9910.800000000001,,87,0.5,23,2017-10-14 22:05:30,Australia/Melbourne
2017-10-15 09:05:38+11:00,-37.856731144711375,144.96608664281666,21.36394,33.39999999999998,2667,9.6732,9673.2,,86,0.5,24,2017-10-14 22:05:38,Australia/Melbourne
2017-10-15 09:05:46+11:00,-37.85684773698449,144.96629241853952,21.38621,33.60000000000002,2668,9.709200000000001,9709.2,,86,0.5,24,2017-10-14 22:05:46,Australia/Melbourne
2017-10-15 09:05:53+11:00,-37.856951504945755,144.96648310683668,21.40655,33.799999999999955,2669,9.9756,9975.6,,86,0.5,24,2017-10-14 22:05:53,Australia/Melbourne
2017-10-15 09:06:01+11:00,-37.85707748495042,144.96668469160795,21.42916,33.60000000000002,2668,10.044,10044.0,,87,0.5,24,2017-10-14 22:06:01,Australia/Melbourne
2017-10-15 09:06:09+11:00,-37.85719617269933,144.9668861925602,21.451259999999998,33.60000000000002,2668,10.011600000000001,10011.6,,88,0.5,24,2017-10-14 22:06:09,Australia/Melbourne
2017-10-15 09:06:17+11:00,-37.85730438306928,144.96709993109107,21.47359,33.60000000000002,2668,9.943200000000001,9943.2,,86,0.5,24,2017-10-14 22:06:17,Australia/Melbourne
2017-10-15 09:06:25+11:00,-37.85742432810366,144.9673037789762,21.49598,34.0,2670,10.011600000000001,10011.6,,86,0.5,24,2017-10-14 22:06:25,Australia/Melbourne
2017-10-15 09:06:33+11:00,-37.85754553042352,144.96750293299556,21.51809,33.60000000000002,2668,9.9756,9975.6,,86,0.5,24,2017-10-14 22:06:33,Australia/Melbourne
2017-10-15 09:06:41+11:00,-37.85766522400081,144.96771004982293,21.54066,33.200000000000045,2666,10.0764,10076.4,,87,0.5,24,2017-10-14 22:06:41,Australia/Melbourne
2017-10-15 09:06:48+11:00,-37.857769411057234,144.96789663098752,21.560740000000003,33.39999999999998,2667,10.0764,10076.4,,86,0.5,24,2017-10-14 22:06:48,Australia/Melbourne
2017-10-15 09:06:56+11:00,-37.85788457840681,144.96811104007065,21.583569999999998,33.39999999999998,2667,10.112400000000001,10112.4,,86,0.5,24,2017-10-14 22:06:56,Australia/Melbourne
2017-10-15 09:07:04+11:00,-37.858002008870244,144.9683159776032,21.60583,33.39999999999998,2667,10.0764,10076.4,,86,0.5,24,2017-10-14 22:07:04,Australia/Melbourne
2017-10-15 09:07:12+11:00,-37.85811675712466,144.968513706699,21.6274,33.39999999999998,2667,9.9108,9910.800000000001,,86,0.5,24,2017-10-14 22:07:12,Australia/Melbourne
2017-10-15 09:07:20+11:00,-37.85822848789394,144.9687187280506,21.64932,33.60000000000002,2668,9.8748,9874.800000000001,,86,0.5,24,2017-10-14 22:07:20,Australia/Melbourne
2017-10-15 09:07:28+11:00,-37.85834273323417,144.96892500668764,21.67148,33.60000000000002,2668,9.943200000000001,9943.2,,86,0.5,24,2017-10-14 22:07:28,Australia/Melbourne
2017-10-15 09:07:36+11:00,-37.858446165919304,144.96913639828563,21.69335,33.60000000000002,2668,9.943200000000001,9943.2,,85,0.5,24,2017-10-14 22:07:36,Australia/Melbourne
2017-10-15 09:07:44+11:00,-37.858562506735325,144.9693414196372,21.71559,33.799999999999955,2669,9.943200000000001,9943.2,,87,0.5,24,2017-10-14 22:07:44,Australia/Melbourne
2017-10-15 09:07:52+11:00,-37.85868303850293,144.9695435911417,21.737849999999998,33.799999999999955,2669,9.9756,9975.6,,86,0.5,24,2017-10-14 22:07:52,Australia/Melbourne
2017-10-15 09:08:00+11:00,-37.85880507901311,144.96974509209394,21.760180000000002,33.60000000000002,2668,9.9756,9975.6,,87,0.5,24,2017-10-14 22:08:00,Australia/Melbourne
2017-10-15 09:08:08+11:00,-37.8589350823313,144.96994198299944,21.78275,33.799999999999955,2669,10.044,10044.0,,87,0.5,24,2017-10-14 22:08:08,Australia/Melbourne
2017-10-15 09:08:16+11:00,-37.859054105356336,144.9701485130936,21.80524,33.799999999999955,2669,10.044,10044.0,,87,0.5,24,2017-10-14 22:08:16,Australia/Melbourne
2017-10-15 09:08:24+11:00,-37.85918167792261,144.97034951113164,21.82791,34.0,2670,10.044,10044.0,,87,0.5,24,2017-10-14 22:08:24,Australia/Melbourne
2017-10-15 09:08:28+11:00,-37.859240686520934,144.9704577215016,21.839470000000002,34.0,2670,10.112400000000001,10112.4,,87,0.5,24,2017-10-14 22:08:28,Australia/Melbourne
2017-10-15 09:08:36+11:00,-37.85935048945248,144.97066115029156,21.861150000000002,34.0,2670,9.9756,9975.6,,86,0.5,24,2017-10-14 22:08:36,Australia/Melbourne
2017-10-15 09:08:44+11:00,-37.85946959629655,144.9708589632064,21.883020000000002,34.39999999999998,2672,9.9108,9910.800000000001,,86,0.5,24,2017-10-14 22:08:44,Australia/Melbourne
2017-10-15 09:08:45+11:00,-37.8594861086458,144.97088494710624,21.88595,34.39999999999998,2672,9.943200000000001,9943.2,,86,0.5,24,2017-10-14 22:08:45,Australia/Melbourne
2017-10-15 09:08:53+11:00,-37.85960102453828,144.97108452022076,21.90766,34.39999999999998,2672,9.943200000000001,9943.2,,86,0.5,24,2017-10-14 22:08:53,Australia/Melbourne
2017-10-15 09:09:01+11:00,-37.8597345482558,144.97126707807183,21.92963,34.60000000000002,2673,9.9108,9910.800000000001,,85,0.5,24,2017-10-14 22:09:01,Australia/Melbourne
2017-10-15 09:09:09+11:00,-37.85985969007015,144.97146564535797,21.95205,34.799999999999955,2674,9.943200000000001,9943.2,,85,0.0,24,2017-10-14 22:09:09,Australia/Melbourne
2017-10-15 09:09:16+11:00,-37.85999363288283,144.97161501087248,21.972080000000002,35.0,2675,9.9756,9975.6,,86,0.5,24,2017-10-14 22:09:16,Australia/Melbourne
2017-10-15 09:09:24+11:00,-37.860165210440755,144.97175188735127,21.99463,35.200000000000045,2676,10.044,10044.0,,86,0.5,24,2017-10-14 22:09:24,Australia/Melbourne
2017-10-15 09:09:26+11:00,-37.86020837724209,144.97178985737264,22.00046,35.200000000000045,2676,10.044,10044.0,,86,0.5,24,2017-10-14 22:09:26,Australia/Melbourne
2017-10-15 09:09:34+11:00,-37.86037366837263,144.97191089205444,22.021669999999997,35.200000000000045,2676,9.9108,9910.800000000001,,86,0.5,24,2017-10-14 22:09:34,Australia/Melbourne
2017-10-15 09:09:42+11:00,-37.86053963005543,144.9720561504364,22.0441,34.799999999999955,2674,10.011600000000001,10011.6,,87,0.5,24,2017-10-14 22:09:42,Australia/Melbourne
2017-10-15 09:09:50+11:00,-37.86069796420634,144.97219428420067,22.06548,34.799999999999955,2674,9.9756,9975.6,,87,0.5,24,2017-10-14 22:09:50,Australia/Melbourne
2017-10-15 09:09:58+11:00,-37.86086141131818,144.97233317233622,22.08734,34.799999999999955,2674,9.8424,9842.4,,87,0.5,24,2017-10-14 22:09:58,Australia/Melbourne
2017-10-15 09:10:06+11:00,-37.86102603189647,144.9724795203656,22.109720000000003,35.0,2675,9.9108,9910.800000000001,,86,0.5,24,2017-10-14 22:10:06,Australia/Melbourne
2017-10-15 09:10:14+11:00,-37.861212780699134,144.9725712183863,22.131990000000002,35.0,2675,9.9108,9910.800000000001,,87,0.5,24,2017-10-14 22:10:14,Australia/Melbourne
2017-10-15 09:10:22+11:00,-37.86139274016023,144.9726367648691,22.15279,35.200000000000045,2676,9.81,9810.0,,85,0.0,24,2017-10-14 22:10:22,Australia/Melbourne
2017-10-15 09:10:29+11:00,-37.8615649882704,144.97267423197627,22.17218,35.60000000000002,2678,9.8748,9874.800000000001,,86,0.5,24,2017-10-14 22:10:29,Australia/Melbourne
2017-10-15 09:10:37+11:00,-37.861749390140176,144.97271169908345,22.19296,35.799999999999955,2679,9.8424,9842.4,,86,0.5,24,2017-10-14 22:10:37,Australia/Melbourne
2017-10-15 09:10:45+11:00,-37.86193831823766,144.97271756641567,22.213939999999997,36.0,2680,9.709200000000001,9709.2,,86,0.5,23,2017-10-14 22:10:45,Australia/Melbourne
2017-10-15 09:10:53+11:00,-37.86213520914316,144.97267733328044,22.23613,36.200000000000045,2681,9.709200000000001,9709.2,,86,0.5,23,2017-10-14 22:10:53,Australia/Melbourne
2017-10-15 09:10:59+11:00,-37.86228021606803,144.97261824086308,22.25306,36.60000000000002,2683,9.774,9774.0,,86,0.5,23,2017-10-14 22:10:59,Australia/Melbourne
2017-10-15 09:11:06+11:00,-37.8624405618757,144.97251422144473,22.27307,37.0,2685,9.8424,9842.4,,86,0.5,23,2017-10-14 22:11:06,Australia/Melbourne
2017-10-15 09:11:13+11:00,-37.86260476335883,144.97240760363638,22.29357,36.799999999999955,2684,9.9756,9975.6,,88,0.5,23,2017-10-14 22:11:13,Australia/Melbourne
2017-10-15 09:11:21+11:00,-37.86277625709772,144.97228413820267,22.31551,37.200000000000045,2686,9.9756,9975.6,,86,0.5,23,2017-10-14 22:11:21,Australia/Melbourne
2017-10-15 09:11:28+11:00,-37.8629569709301,144.97222705744207,22.33626,36.799999999999955,2684,10.044,10044.0,,87,0.5,23,2017-10-14 22:11:28,Australia/Melbourne
2017-10-15 09:11:36+11:00,-37.86315939389169,144.97218363918364,22.359080000000002,35.799999999999955,2679,10.1448,10144.800000000001,,86,0.5,23,2017-10-14 22:11:36,Australia/Melbourne
2017-10-15 09:11:43+11:00,-37.863339353352785,144.97215933166444,22.37923,35.799999999999955,2679,10.2132,10213.2,,89,0.0,23,2017-10-14 22:11:43,Australia/Melbourne
2017-10-15 09:11:49+11:00,-37.863492742180824,144.97212949208915,22.39645,35.39999999999998,2677,10.245600000000001,10245.6,,88,0.5,23,2017-10-14 22:11:49,Australia/Melbourne
2017-10-15 09:11:56+11:00,-37.863683849573135,144.97212287038565,22.41766,34.799999999999955,2674,10.4148,10414.800000000001,,88,0.5,23,2017-10-14 22:11:56,Australia/Melbourne
2017-10-15 09:12:03+11:00,-37.86387596279383,144.97209688648582,22.43912,34.799999999999955,2674,10.580400000000001,10580.4,,87,0.5,23,2017-10-14 22:12:03,Australia/Melbourne
2017-10-15 09:12:06+11:00,-37.86395466886461,144.9720942042768,22.447860000000002,34.39999999999998,2672,10.6128,10612.800000000001,,88,0.5,23,2017-10-14 22:12:06,Australia/Melbourne
2017-10-15 09:12:14+11:00,-37.86414502188563,144.9721143208444,22.469099999999997,33.799999999999955,2669,10.4472,10447.2,,89,0.5,23,2017-10-14 22:12:14,Australia/Melbourne
2017-10-15 09:12:18+11:00,-37.864236049354076,144.97212965972722,22.4793,33.60000000000002,2668,10.2132,10213.2,,89,0.0,23,2017-10-14 22:12:18,Australia/Melbourne
2017-10-15 09:12:26+11:00,-37.86442623473704,144.97220484539866,22.50151,33.799999999999955,2669,10.0764,10076.4,,89,0.0,23,2017-10-14 22:12:26,Australia/Melbourne
2017-10-15 09:12:34+11:00,-37.864614240825176,144.97229780070484,22.52395,33.60000000000002,2668,10.0764,10076.4,,86,0.5,23,2017-10-14 22:12:34,Australia/Melbourne
2017-10-15 09:12:42+11:00,-37.86478749476373,144.97240651398897,22.54546,34.200000000000045,2671,9.8748,9874.800000000001,,86,0.5,23,2017-10-14 22:12:42,Australia/Melbourne
2017-10-15 09:12:49+11:00,-37.86494272761047,144.97252067551017,22.56552,34.39999999999998,2672,9.943200000000001,9943.2,,87,0.5,23,2017-10-14 22:12:49,Australia/Melbourne
2017-10-15 09:12:57+11:00,-37.86510583944619,144.97266543097794,22.58776,34.60000000000002,2673,9.943200000000001,9943.2,,87,0.5,23,2017-10-14 22:12:57,Australia/Melbourne
2017-10-15 09:13:05+11:00,-37.86524975672364,144.9728344939649,22.60961,34.39999999999998,2672,9.9108,9910.800000000001,,87,0.5,23,2017-10-14 22:13:05,Australia/Melbourne
2017-10-15 09:13:13+11:00,-37.865378838032484,144.97300825081766,22.630580000000002,34.60000000000002,2673,9.8424,9842.4,,87,0.5,23,2017-10-14 22:13:13,Australia/Melbourne
2017-10-15 09:13:21+11:00,-37.86551512777805,144.97319349087775,22.65283,34.39999999999998,2672,9.8424,9842.4,,87,0.5,23,2017-10-14 22:13:21,Australia/Melbourne
2017-10-15 09:13:29+11:00,-37.865652507171035,144.97338401153684,22.67554,34.60000000000002,2673,9.943200000000001,9943.2,,86,0.5,23,2017-10-14 22:13:29,Australia/Melbourne
2017-10-15 09:13:37+11:00,-37.86580480635166,144.97355894185603,22.69847,34.60000000000002,2673,10.011600000000001,10011.6,,88,0.5,23,2017-10-14 22:13:37,Australia/Melbourne
2017-10-15 09:13:44+11:00,-37.865948555991054,144.9737000092864,22.71875,34.200000000000045,2671,10.1448,10144.800000000001,,88,0.0,23,2017-10-14 22:13:44,Australia/Melbourne
2017-10-15 09:13:52+11:00,-37.866119630634785,144.97383814305067,22.74136,34.200000000000045,2671,10.2132,10213.2,,87,0.5,23,2017-10-14 22:13:52,Australia/Melbourne
2017-10-15 09:14:00+11:00,-37.86629766225815,144.97395783662796,22.76375,34.200000000000045,2671,10.2132,10213.2,,87,0.5,23,2017-10-14 22:14:00,Australia/Melbourne
2017-10-15 09:14:08+11:00,-37.86647896282375,144.9740459304303,22.785310000000003,34.0,2670,10.112400000000001,10112.4,,86,0.5,23,2017-10-14 22:14:08,Australia/Melbourne
2017-10-15 09:14:16+11:00,-37.866654144600034,144.9741506204009,22.80683,33.60000000000002,2668,10.011600000000001,10011.6,,87,0.5,23,2017-10-14 22:14:16,Australia/Melbourne
2017-10-15 09:14:24+11:00,-37.86682396195829,144.97425832785666,22.827959999999997,33.799999999999955,2669,9.9108,9910.800000000001,,88,0.5,23,2017-10-14 22:14:24,Australia/Melbourne
2017-10-15 09:14:29+11:00,-37.8669392131269,144.9743445776403,22.84284,33.39999999999998,2667,9.9756,9975.6,,88,0.5,23,2017-10-14 22:14:29,Australia/Melbourne
2017-10-15 09:14:37+11:00,-37.867125794291496,144.9744447413832,22.86537,33.60000000000002,2668,9.9756,9975.6,,87,0.5,23,2017-10-14 22:14:37,Australia/Melbourne
2017-10-15 09:14:45+11:00,-37.867304580286145,144.97455479577184,22.8875,33.39999999999998,2667,10.011600000000001,10011.6,,86,0.5,23,2017-10-14 22:14:45,Australia/Melbourne
2017-10-15 09:14:53+11:00,-37.86748370155692,144.97466946020722,22.909860000000002,33.200000000000045,2666,10.011600000000001,10011.6,,86,0.5,23,2017-10-14 22:14:53,Australia/Melbourne
2017-10-15 09:15:01+11:00,-37.86765804514289,144.97476409189403,22.930919999999997,33.200000000000045,2666,9.8424,9842.4,,87,0.5,23,2017-10-14 22:15:01,Australia/Melbourne
2017-10-15 09:15:09+11:00,-37.867829287424684,144.97487808577716,22.952450000000002,33.0,2665,9.774,9774.0,,86,0.5,23,2017-10-14 22:15:09,Australia/Melbourne
2017-10-15 09:15:17+11:00,-37.86800094880164,144.97499459423125,22.9742,33.39999999999998,2667,9.774,9774.0,,87,0.5,23,2017-10-14 22:15:17,Australia/Melbourne
2017-10-15 09:15:25+11:00,-37.86818124353886,144.97509894892573,22.99624,33.60000000000002,2668,9.8748,9874.800000000001,,87,0.5,23,2017-10-14 22:15:25,Australia/Melbourne
2017-10-15 09:15:27+11:00,-37.86822675727308,144.9751266092062,23.001849999999997,33.60000000000002,2668,9.8748,9874.800000000001,,87,0.5,23,2017-10-14 22:15:27,Australia/Melbourne
2017-10-15 09:15:35+11:00,-37.86840763874352,144.97523557394743,23.024169999999998,33.39999999999998,2667,9.8748,9874.800000000001,,88,0.5,23,2017-10-14 22:15:35,Australia/Melbourne
2017-10-15 09:15:43+11:00,-37.868584245443344,144.97532794252038,23.04541,33.39999999999998,2667,9.7416,9741.6,,86,0.5,23,2017-10-14 22:15:43,Australia/Melbourne
2017-10-15 09:15:51+11:00,-37.86875791847706,144.97544512152672,23.06727,33.60000000000002,2668,9.774,9774.0,,87,0.5,23,2017-10-14 22:15:51,Australia/Melbourne
2017-10-15 09:15:59+11:00,-37.86894206888974,144.97555308043957,23.08985,34.0,2670,9.81,9810.0,,88,0.5,23,2017-10-14 22:15:59,Australia/Melbourne
2017-10-15 09:16:06+11:00,-37.86910400725901,144.97565986588597,23.110139999999998,34.200000000000045,2671,9.943200000000001,9943.2,,86,0.5,23,2017-10-14 22:16:06,Australia/Melbourne
2017-10-15 09:16:14+11:00,-37.86927801556885,144.97577612288296,23.13207,34.0,2670,9.9756,9975.6,,86,0.5,24,2017-10-14 22:16:14,Australia/Melbourne
2017-10-15 09:16:22+11:00,-37.869453029707074,144.97588911093771,23.1539,34.0,2670,9.943200000000001,9943.2,,86,0.5,24,2017-10-14 22:16:22,Australia/Melbourne
2017-10-15 09:16:30+11:00,-37.869635839015245,144.97598852030933,23.17602,33.799999999999955,2669,9.9756,9975.6,,86,0.5,24,2017-10-14 22:16:30,Australia/Melbourne
2017-10-15 09:16:38+11:00,-37.86983197554946,144.976048450917,23.19851,33.39999999999998,2667,10.011600000000001,10011.6,,88,0.5,24,2017-10-14 22:16:38,Australia/Melbourne
2017-10-15 09:16:46+11:00,-37.87003138102591,144.9761057831347,23.221220000000002,33.200000000000045,2666,10.011600000000001,10011.6,,88,0.5,24,2017-10-14 22:16:46,Australia/Melbourne
2017-10-15 09:16:54+11:00,-37.87022441625595,144.97614107094705,23.24288,32.799999999999955,2664,9.9756,9975.6,,87,0.5,24,2017-10-14 22:16:54,Australia/Melbourne
2017-10-15 09:17:02+11:00,-37.87041703239083,144.9761924520135,23.26478,32.799999999999955,2664,9.9108,9910.800000000001,,86,0.5,24,2017-10-14 22:17:02,Australia/Melbourne
2017-10-15 09:17:10+11:00,-37.870614510029554,144.9762120656669,23.28678,32.799999999999955,2664,9.943200000000001,9943.2,,86,0.5,24,2017-10-14 22:17:10,Australia/Melbourne
2017-10-15 09:17:18+11:00,-37.87080469541252,144.9762331880629,23.30797,32.799999999999955,2664,9.8748,9874.800000000001,,87,0.5,24,2017-10-14 22:17:18,Australia/Melbourne
2017-10-15 09:17:26+11:00,-37.870998904109,144.9762485269457,23.32957,32.60000000000002,2663,9.81,9810.0,,86,0.5,24,2017-10-14 22:17:26,Australia/Melbourne
2017-10-15 09:17:34+11:00,-37.87119613029063,144.97626428492367,23.351509999999998,32.60000000000002,2663,9.9108,9910.800000000001,,86,0.5,24,2017-10-14 22:17:34,Australia/Melbourne
2017-10-15 09:17:42+11:00,-37.87139570340514,144.97628406621516,23.373759999999997,32.799999999999955,2664,9.9108,9910.800000000001,,87,0.5,24,2017-10-14 22:17:42,Australia/Melbourne
2017-10-15 09:17:50+11:00,-37.87159158848226,144.9763053562492,23.39559,32.60000000000002,2663,9.8748,9874.800000000001,,88,0.5,24,2017-10-14 22:17:50,Australia/Melbourne
2017-10-15 09:17:53+11:00,-37.87166794762015,144.97631357051432,23.4041,32.39999999999998,2662,9.8748,9874.800000000001,,87,0.5,24,2017-10-14 22:17:53,Australia/Melbourne
2017-10-15 09:18:01+11:00,-37.87187045440078,144.9763452541083,23.426740000000002,32.60000000000002,2663,9.9108,9910.800000000001,,88,0.5,24,2017-10-14 22:18:01,Australia/Melbourne
2017-10-15 09:18:09+11:00,-37.87206416018307,144.97639378532767,23.44867,32.39999999999998,2662,9.9108,9910.800000000001,,86,0.5,24,2017-10-14 22:18:09,Australia/Melbourne
2017-10-15 09:18:17+11:00,-37.872265158221126,144.97640023939312,23.470959999999998,32.60000000000002,2663,9.9756,9975.6,,85,0.5,24,2017-10-14 22:18:17,Australia/Melbourne
2017-10-15 09:18:25+11:00,-37.872460624203086,144.9764337670058,23.49293,32.60000000000002,2663,9.943200000000001,9943.2,,86,0.5,24,2017-10-14 22:18:25,Australia/Melbourne
2017-10-15 09:18:33+11:00,-37.872650139033794,144.97642949223518,23.51391,32.60000000000002,2663,9.81,9810.0,,87,0.5,24,2017-10-14 22:18:33,Australia/Melbourne
2017-10-15 09:18:41+11:00,-37.87283672019839,144.9764641933143,23.534860000000002,32.799999999999955,2664,9.6408,9640.800000000001,,87,0.5,24,2017-10-14 22:18:41,Australia/Melbourne
2017-10-15 09:18:49+11:00,-37.8730296716094,144.97650819830596,23.55665,32.799999999999955,2664,9.6732,9673.2,,87,0.5,24,2017-10-14 22:18:49,Australia/Melbourne
2017-10-15 09:18:57+11:00,-37.87321331910789,144.97655840590596,23.57753,32.799999999999955,2664,9.6732,9673.2,,87,0.5,24,2017-10-14 22:18:57,Australia/Melbourne
2017-10-15 09:19:05+11:00,-37.8734062705189,144.97659847140312,23.59934,33.0,2665,9.6732,9673.2,,87,0.0,23,2017-10-14 22:19:05,Australia/Melbourne
2017-10-15 09:19:13+11:00,-37.873605424538255,144.97663258574903,23.621669999999998,33.0,2665,9.709200000000001,9709.2,,86,0.5,23,2017-10-14 22:19:13,Australia/Melbourne
2017-10-15 09:19:21+11:00,-37.87380256690085,144.97663660906255,23.6436,33.0,2665,9.709200000000001,9709.2,,86,0.5,23,2017-10-14 22:19:21,Australia/Melbourne
2017-10-15 09:19:26+11:00,-37.87393022328615,144.9766095355153,23.65785,33.39999999999998,2667,9.774,9774.0,,86,0.5,23,2017-10-14 22:19:26,Australia/Melbourne
2017-10-15 09:19:34+11:00,-37.87411789409816,144.9766464997083,23.67893,33.200000000000045,2666,9.81,9810.0,,86,0.5,23,2017-10-14 22:19:34,Australia/Melbourne
2017-10-15 09:19:42+11:00,-37.874315371736884,144.9766726512462,23.70099,33.200000000000045,2666,9.7416,9741.6,,87,0.5,23,2017-10-14 22:19:42,Australia/Melbourne
2017-10-15 09:19:50+11:00,-37.87451762706041,144.9767268821597,23.724,32.799999999999955,2664,9.9108,9910.800000000001,,86,0.5,23,2017-10-14 22:19:50,Australia/Melbourne
2017-10-15 09:19:58+11:00,-37.87471837364137,144.97674599289894,23.74635,33.200000000000045,2666,10.0764,10076.4,,87,0.5,23,2017-10-14 22:19:58,Australia/Melbourne
2017-10-15 09:20:06+11:00,-37.87490202113986,144.97676694765687,23.766869999999997,33.200000000000045,2666,9.8424,9842.4,,86,0.5,23,2017-10-14 22:20:06,Australia/Melbourne
2017-10-15 09:20:14+11:00,-37.8751037735492,144.97679008170962,23.789369999999998,32.60000000000002,2663,9.774,9774.0,,87,0.5,24,2017-10-14 22:20:14,Australia/Melbourne
2017-10-15 09:20:21+11:00,-37.87529186345637,144.97681581415236,23.81037,32.799999999999955,2664,9.9108,9910.800000000001,,86,0.5,24,2017-10-14 22:20:21,Australia/Melbourne
2017-10-15 09:20:29+11:00,-37.87548481486738,144.97684615664184,23.83213,32.60000000000002,2663,9.943200000000001,9943.2,,86,0.5,24,2017-10-14 22:20:29,Australia/Melbourne
2017-10-15 09:20:37+11:00,-37.87568137049675,144.97688555158675,23.85423,32.60000000000002,2663,9.943200000000001,9943.2,,87,0.5,24,2017-10-14 22:20:37,Australia/Melbourne
2017-10-15 09:20:45+11:00,-37.875871639698744,144.97690767981112,23.87546,33.0,2665,9.709200000000001,9709.2,,87,0.5,24,2017-10-14 22:20:45,Australia/Melbourne
2017-10-15 09:20:53+11:00,-37.87606727331877,144.9769282154739,23.89724,33.0,2665,9.6408,9640.800000000001,,86,0.5,24,2017-10-14 22:20:53,Australia/Melbourne
2017-10-15 09:21:01+11:00,-37.87626248784363,144.97694070450962,23.918950000000002,33.0,2665,9.6732,9673.2,,86,0.5,24,2017-10-14 22:21:01,Australia/Melbourne
2017-10-15 09:21:09+11:00,-37.87645921111107,144.97696643695235,23.94091,33.0,2665,9.709200000000001,9709.2,,87,0.5,24,2017-10-14 22:21:09,Australia/Melbourne
2017-10-15 09:21:17+11:00,-37.87665761075914,144.97699233703315,23.963060000000002,33.0,2665,9.774,9774.0,,87,0.5,24,2017-10-14 22:21:17,Australia/Melbourne
2017-10-15 09:21:25+11:00,-37.876858273521066,144.97702527791262,23.98554,32.60000000000002,2663,9.943200000000001,9943.2,,87,0.5,24,2017-10-14 22:21:25,Australia/Melbourne
2017-10-15 09:21:31+11:00,-37.87700051441789,144.97704388573766,24.00142,33.0,2665,9.9108,9910.800000000001,,87,0.5,24,2017-10-14 22:21:31,Australia/Melbourne
2017-10-15 09:21:39+11:00,-37.877186592668295,144.97707422822714,24.02226,32.39999999999998,2662,9.8424,9842.4,,87,0.5,24,2017-10-14 22:21:39,Australia/Melbourne
2017-10-15 09:21:41+11:00,-37.877235040068626,144.97708722017705,24.027759999999997,32.39999999999998,2662,9.8424,9842.4,,87,0.5,24,2017-10-14 22:21:41,Australia/Melbourne
2017-10-15 09:21:49+11:00,-37.87742924876511,144.9771269503981,24.049599999999998,32.60000000000002,2663,9.8424,9842.4,,86,0.5,24,2017-10-14 22:21:49,Australia/Melbourne
2017-10-15 09:21:57+11:00,-37.87761482410133,144.97714321129024,24.07028,33.0,2665,9.6732,9673.2,,85,0.5,24,2017-10-14 22:21:57,Australia/Melbourne
2017-10-15 09:22:05+11:00,-37.87780777551234,144.97715519741178,24.09173,32.799999999999955,2664,9.6408,9640.800000000001,,86,0.5,24,2017-10-14 22:22:05,Australia/Melbourne
2017-10-15 09:22:13+11:00,-37.877998212352395,144.9771835282445,24.11303,32.799999999999955,2664,9.6408,9640.800000000001,,86,0.5,24,2017-10-14 22:22:13,Australia/Melbourne
2017-10-15 09:22:21+11:00,-37.878185296431184,144.97720926068723,24.13397,32.799999999999955,2664,9.6084,9608.4,,87,0.5,23,2017-10-14 22:22:21,Australia/Melbourne
2017-10-15 09:22:29+11:00,-37.87837707437575,144.97722728177905,24.15532,33.200000000000045,2666,9.5724,9572.4,,86,0.5,23,2017-10-14 22:22:29,Australia/Melbourne
2017-10-15 09:22:37+11:00,-37.8785590454936,144.9772419501096,24.17559,33.200000000000045,2666,9.5724,9572.4,,86,0.5,23,2017-10-14 22:22:37,Australia/Melbourne
2017-10-15 09:22:41+11:00,-37.87865309044719,144.9772511702031,24.18607,33.60000000000002,2668,9.5076,9507.6,,86,0.5,23,2017-10-14 22:22:41,Australia/Melbourne
2017-10-15 09:22:48+11:00,-37.87883631885052,144.97728561982512,24.20664,33.60000000000002,2668,9.6408,9640.800000000001,,85,0.5,23,2017-10-14 22:22:48,Australia/Melbourne
2017-10-15 09:22:56+11:00,-37.87903438322246,144.97730758041143,24.228740000000002,33.200000000000045,2666,9.709200000000001,9709.2,,86,0.5,23,2017-10-14 22:22:56,Australia/Melbourne
2017-10-15 09:23:03+11:00,-37.87921509705484,144.97733079828322,24.248900000000003,32.799999999999955,2664,9.774,9774.0,,88,0.5,23,2017-10-14 22:23:03,Australia/Melbourne
2017-10-15 09:23:11+11:00,-37.87941249087453,144.97736684046686,24.27109,32.799999999999955,2664,9.943200000000001,9943.2,,87,0.5,23,2017-10-14 22:23:11,Australia/Melbourne
2017-10-15 09:23:19+11:00,-37.8796005807817,144.9773875437677,24.29207,32.799999999999955,2664,9.8748,9874.800000000001,,87,0.5,23,2017-10-14 22:23:19,Australia/Melbourne
2017-10-15 09:23:27+11:00,-37.879799231886864,144.9774221610278,24.31434,33.0,2665,9.9108,9910.800000000001,,88,0.5,23,2017-10-14 22:23:27,Australia/Melbourne
2017-10-15 09:23:39+11:00,-37.87998321466148,144.97743657790124,24.33479,33.0,2665,5.1048,5104.8,,57,0.0,23,2017-10-14 22:23:39,Australia/Melbourne
2017-10-15 09:23:55+11:00,-37.88014071062207,144.97743339277804,24.3529,33.0,2665,3.258,3258.0,,0,0.0,23,2017-10-14 22:23:55,Australia/Melbourne
2017-10-15 09:24:00+11:00,-37.88018505088985,144.97743121348321,24.357860000000002,33.0,2665,3.3264,3326.4,,59,0.0,23,2017-10-14 22:24:00,Australia/Melbourne
2017-10-15 09:24:05+11:00,-37.88021497428417,144.9774395953864,24.36122,33.0,2665,3.6936,3693.6,,59,0.0,23,2017-10-14 22:24:05,Australia/Melbourne
2017-10-15 09:24:07+11:00,-37.88023928180337,144.97744269669056,24.363919999999997,33.0,2665,4.5,4500.0,,0,0.0,23,2017-10-14 22:24:07,Australia/Melbourne
2017-10-15 09:24:21+11:00,-37.88042603060603,144.977449150756,24.38469,33.0,2665,4.9716000000000005,4971.6,,55,0.5,24,2017-10-14 22:24:21,Australia/Melbourne
2017-10-15 09:24:35+11:00,-37.88061177358031,144.97748846188188,24.40565,33.39999999999998,2667,5.04,5040.0,,55,0.0,24,2017-10-14 22:24:35,Australia/Melbourne
2017-10-15 09:24:49+11:00,-37.880790224298835,144.97752651572227,24.42586,33.799999999999955,2669,5.1048,5104.8,,61,0.5,24,2017-10-14 22:24:49,Australia/Melbourne
2017-10-15 09:25:03+11:00,-37.88097362034023,144.97754051350057,24.44623,33.39999999999998,2667,5.2416,5241.6,,0,0.0,24,2017-10-14 22:25:03,Australia/Melbourne
2017-10-15 09:25:18+11:00,-37.88115760311484,144.9775953311473,24.46744,34.0,2670,5.1048,5104.8,,0,0.0,24,2017-10-14 22:25:18,Australia/Melbourne
2017-10-15 09:25:24+11:00,-37.88123790174723,144.97760471887887,24.47637,33.799999999999955,2669,5.1732000000000005,5173.2,,0,0.0,24,2017-10-14 22:25:24,Australia/Melbourne
2017-10-15 09:25:27+11:00,-37.88127872161567,144.97761662118137,24.48107,34.200000000000045,2671,5.1732000000000005,5173.2,,59,0.0,24,2017-10-14 22:25:27,Australia/Melbourne
2017-10-15 09:25:40+11:00,-37.88146002218127,144.9776714388281,24.50178,34.0,2670,5.4432,5443.2,,59,0.0,24,2017-10-14 22:25:40,Australia/Melbourne
2017-10-15 09:25:54+11:00,-37.88164710626006,144.97772625647485,24.52316,34.200000000000045,2671,5.4756,5475.6,,0,0.0,24,2017-10-14 22:25:54,Australia/Melbourne
2017-10-15 09:26:07+11:00,-37.88182840682566,144.9777702614665,24.5438,34.200000000000045,2671,5.6772,5677.2,,72,0.0,24,2017-10-14 22:26:07,Australia/Melbourne
2017-10-15 09:26:18+11:00,-37.881961930543184,144.97784335166216,24.56016,34.60000000000002,2673,5.6772,5677.2,,0,0.0,24,2017-10-14 22:26:18,Australia/Melbourne
2017-10-15 09:26:21+11:00,-37.88199252448976,144.9778677430004,24.56418,34.799999999999955,2674,5.4756,5475.6,,59,0.0,24,2017-10-14 22:26:21,Australia/Melbourne
2017-10-15 09:26:30+11:00,-37.88215144537389,144.97797729447484,24.584349999999997,34.200000000000045,2671,9.943200000000001,9943.2,,84,0.0,24,2017-10-14 22:26:30,Australia/Melbourne
2017-10-15 09:26:38+11:00,-37.882326040416956,144.9780858401209,24.60598,34.0,2670,9.774,9774.0,,86,0.5,24,2017-10-14 22:26:38,Australia/Melbourne
2017-10-15 09:26:46+11:00,-37.88249175064266,144.97819622978568,24.62678,34.200000000000045,2671,9.54,9540.0,,84,0.5,24,2017-10-14 22:26:46,Australia/Melbourne
2017-10-15 09:26:54+11:00,-37.882667100057006,144.978302763775,24.648400000000002,34.60000000000002,2673,9.6408,9640.800000000001,,87,0.5,24,2017-10-14 22:26:54,Australia/Melbourne
2017-10-15 09:27:02+11:00,-37.88283817470074,144.97840837575495,24.66959,34.60000000000002,2673,9.6408,9640.800000000001,,86,0.5,24,2017-10-14 22:27:02,Australia/Melbourne
2017-10-15 09:27:10+11:00,-37.88300346583128,144.97853158973157,24.690939999999998,34.799999999999955,2674,9.6084,9608.4,,87,0.5,24,2017-10-14 22:27:10,Australia/Melbourne
2017-10-15 09:27:18+11:00,-37.88316858932376,144.97866176068783,24.712529999999997,35.0,2675,9.6408,9640.800000000001,,86,0.5,24,2017-10-14 22:27:18,Australia/Melbourne
2017-10-15 09:27:26+11:00,-37.883332120254636,144.97879603877664,24.734180000000002,35.200000000000045,2676,9.6408,9640.800000000001,,87,0.5,24,2017-10-14 22:27:26,Australia/Melbourne
2017-10-15 09:27:34+11:00,-37.88349741138518,144.9789367709309,24.75634,35.39999999999998,2677,9.774,9774.0,,87,0.5,24,2017-10-14 22:27:34,Australia/Melbourne
2017-10-15 09:27:39+11:00,-37.88360637612641,144.97901430353522,24.770229999999998,35.799999999999955,2679,9.81,9810.0,,88,0.5,24,2017-10-14 22:27:39,Australia/Melbourne
2017-10-15 09:27:47+11:00,-37.88376764394343,144.97914313338697,24.791439999999998,36.0,2680,9.774,9774.0,,87,0.5,24,2017-10-14 22:27:47,Australia/Melbourne
2017-10-15 09:27:55+11:00,-37.88393679074943,144.9792634975165,24.81301,36.0,2680,9.774,9774.0,,87,0.5,24,2017-10-14 22:27:55,Australia/Melbourne
2017-10-15 09:28:03+11:00,-37.88409789092839,144.9794141203165,24.83529,36.0,2680,9.8424,9842.4,,88,0.5,24,2017-10-14 22:28:03,Australia/Melbourne
2017-10-15 09:28:11+11:00,-37.884266786277294,144.97955502010882,24.857779999999998,36.0,2680,9.9108,9910.800000000001,,88,0.0,24,2017-10-14 22:28:11,Australia/Melbourne
2017-10-15 09:28:19+11:00,-37.88441464304924,144.97971888631582,24.87965,35.60000000000002,2678,9.9108,9910.800000000001,,88,0.0,24,2017-10-14 22:28:19,Australia/Melbourne
2017-10-15 09:28:27+11:00,-37.88456082344055,144.97988685965538,24.90163,35.0,2675,9.9108,9910.800000000001,,88,0.5,24,2017-10-14 22:28:27,Australia/Melbourne
2017-10-15 09:28:35+11:00,-37.88470574654639,144.9800547491759,24.923479999999998,35.200000000000045,2676,9.81,9810.0,,89,0.5,24,2017-10-14 22:28:35,Australia/Melbourne
2017-10-15 09:28:41+11:00,-37.88480993360281,144.98019757680595,24.94057,34.60000000000002,2673,9.9756,9975.6,,89,0.5,24,2017-10-14 22:28:41,Australia/Melbourne
2017-10-15 09:28:49+11:00,-37.88493348285556,144.98038223013282,24.961830000000003,34.200000000000045,2671,9.8748,9874.800000000001,,88,0.5,24,2017-10-14 22:28:49,Australia/Melbourne
2017-10-15 09:28:57+11:00,-37.88505133241415,144.98057685792446,24.98338,34.60000000000002,2673,9.8424,9842.4,,88,0.5,24,2017-10-14 22:28:57,Australia/Melbourne
2017-10-15 09:29:04+11:00,-37.88515141233802,144.9807556439191,25.002650000000003,34.60000000000002,2673,9.81,9810.0,,88,0.5,24,2017-10-14 22:29:04,Australia/Melbourne
2017-10-15 09:29:12+11:00,-37.885273369029164,144.98093384318054,25.023400000000002,34.799999999999955,2674,9.709200000000001,9709.2,,88,0.5,24,2017-10-14 22:29:12,Australia/Melbourne
2017-10-15 09:29:19+11:00,-37.88538694381714,144.98111623339355,25.043830000000003,34.799999999999955,2674,9.8424,9842.4,,88,0.5,24,2017-10-14 22:29:19,Australia/Melbourne
2017-10-15 09:29:27+11:00,-37.88549641147256,144.98132578097284,25.06593,34.799999999999955,2674,9.9108,9910.800000000001,,87,0.5,24,2017-10-14 22:29:27,Australia/Melbourne
2017-10-15 09:29:35+11:00,-37.88561711087823,144.98151638545096,25.087400000000002,34.799999999999955,2674,9.8424,9842.4,,88,0.5,24,2017-10-14 22:29:35,Australia/Melbourne
2017-10-15 09:29:43+11:00,-37.8857378102839,144.98171755112708,25.10962,34.799999999999955,2674,9.8748,9874.800000000001,,88,0.5,24,2017-10-14 22:29:43,Australia/Melbourne
2017-10-15 09:29:51+11:00,-37.88585457019508,144.98190874233842,25.13084,34.39999999999998,2672,9.7416,9741.6,,88,0.5,24,2017-10-14 22:29:51,Australia/Melbourne
2017-10-15 09:29:59+11:00,-37.88597635924816,144.98210563324392,25.15283,34.799999999999955,2674,9.709200000000001,9709.2,,88,0.5,24,2017-10-14 22:29:59,Australia/Melbourne
2017-10-15 09:30:07+11:00,-37.886099740862846,144.98229238204658,25.174229999999998,34.39999999999998,2672,9.7416,9741.6,,88,0.5,24,2017-10-14 22:30:07,Australia/Melbourne
2017-10-15 09:30:15+11:00,-37.886204682290554,144.9824990797788,25.195919999999997,34.39999999999998,2672,9.6732,9673.2,,87,0.5,24,2017-10-14 22:30:15,Australia/Melbourne
2017-10-15 09:30:23+11:00,-37.88632269948721,144.98269764706492,25.21792,34.799999999999955,2674,9.81,9810.0,,87,0.5,24,2017-10-14 22:30:23,Australia/Melbourne
2017-10-15 09:30:31+11:00,-37.886443650349975,144.9828815460205,25.239069999999998,34.799999999999955,2674,9.774,9774.0,,86,0.5,24,2017-10-14 22:30:31,Australia/Melbourne
2017-10-15 09:30:35+11:00,-37.88650433532894,144.98297223821282,25.24953,34.60000000000002,2673,9.6408,9640.800000000001,,86,0.5,24,2017-10-14 22:30:35,Australia/Melbourne
2017-10-15 09:30:42+11:00,-37.8866374399513,144.98313543386757,25.27024,35.0,2675,9.7416,9741.6,,87,0.5,24,2017-10-14 22:30:42,Australia/Melbourne
2017-10-15 09:30:50+11:00,-37.88675461895764,144.98331304639578,25.29061,35.0,2675,9.7416,9741.6,,87,0.5,24,2017-10-14 22:30:50,Australia/Melbourne
2017-10-15 09:30:58+11:00,-37.88686417043209,144.9835070874542,25.311580000000003,34.799999999999955,2674,9.6084,9608.4,,86,0.5,24,2017-10-14 22:30:58,Australia/Melbourne
2017-10-15 09:31:06+11:00,-37.88696274161339,144.98371261171997,25.33271,35.200000000000045,2676,9.5724,9572.4,,85,0.5,24,2017-10-14 22:31:06,Australia/Melbourne
2017-10-15 09:31:14+11:00,-37.88707480765879,144.98391386121511,25.35434,35.39999999999998,2677,9.6084,9608.4,,85,0.5,24,2017-10-14 22:31:14,Australia/Melbourne
2017-10-15 09:31:22+11:00,-37.88719282485545,144.98410957865417,25.376,35.60000000000002,2678,9.6408,9640.800000000001,,86,0.5,24,2017-10-14 22:31:22,Australia/Melbourne
2017-10-15 09:31:30+11:00,-37.88732601329684,144.98429431580007,25.398,35.60000000000002,2678,9.9756,9975.6,,85,0.5,24,2017-10-14 22:31:30,Australia/Melbourne
2017-10-15 09:31:38+11:00,-37.88744109682739,144.98449665494263,25.42,35.60000000000002,2678,9.943200000000001,9943.2,,87,0.5,24,2017-10-14 22:31:38,Australia/Melbourne
2017-10-15 09:31:46+11:00,-37.88756146095693,144.9846860859543,25.44137,36.200000000000045,2681,9.8424,9842.4,,86,0.5,24,2017-10-14 22:31:46,Australia/Melbourne
2017-10-15 09:31:54+11:00,-37.887669587507844,144.98489395715296,25.46326,36.200000000000045,2681,9.8424,9842.4,,85,0.5,24,2017-10-14 22:31:54,Australia/Melbourne
2017-10-15 09:32:02+11:00,-37.88777989335358,144.98510409146547,25.485439999999997,35.799999999999955,2679,10.044,10044.0,,85,0.5,24,2017-10-14 22:32:02,Australia/Melbourne
2017-10-15 09:32:10+11:00,-37.887902772054076,144.9852981325239,25.5073,35.39999999999998,2677,9.54,9540.0,,85,0.5,24,2017-10-14 22:32:10,Australia/Melbourne
2017-10-15 09:32:18+11:00,-37.888027327135205,144.98548756353557,25.528959999999998,35.200000000000045,2676,9.6732,9673.2,,87,0.5,24,2017-10-14 22:32:18,Australia/Melbourne
2017-10-15 09:32:26+11:00,-37.888143081218004,144.98569677583873,25.5514,35.0,2675,9.943200000000001,9943.2,,87,0.5,24,2017-10-14 22:32:26,Australia/Melbourne
2017-10-15 09:32:30+11:00,-37.888198569417,144.98579861596227,25.56225,34.60000000000002,2673,9.943200000000001,9943.2,,87,0.5,24,2017-10-14 22:32:30,Australia/Melbourne
2017-10-15 09:32:38+11:00,-37.888319520279765,144.9859979376197,25.58434,34.60000000000002,2673,9.943200000000001,9943.2,,88,0.5,23,2017-10-14 22:32:38,Australia/Melbourne
2017-10-15 09:32:46+11:00,-37.88843980059028,144.98619759455323,25.60639,34.39999999999998,2672,9.774,9774.0,,88,0.5,23,2017-10-14 22:32:46,Australia/Melbourne
2017-10-15 09:32:54+11:00,-37.88855538703501,144.98640219680965,25.62851,34.39999999999998,2672,9.8424,9842.4,,86,0.5,23,2017-10-14 22:32:54,Australia/Melbourne
2017-10-15 09:33:02+11:00,-37.888679103925824,144.98659548349679,25.650389999999998,34.0,2670,9.774,9774.0,,87,0.5,23,2017-10-14 22:33:02,Australia/Melbourne
2017-10-15 09:33:10+11:00,-37.88879519328475,144.98679446987808,25.67212,34.0,2670,9.709200000000001,9709.2,,87,0.5,23,2017-10-14 22:33:10,Australia/Melbourne
2017-10-15 09:33:18+11:00,-37.88891639560461,144.9869969766587,25.69445,33.799999999999955,2669,9.81,9810.0,,87,0.5,23,2017-10-14 22:33:18,Australia/Melbourne
2017-10-15 09:33:26+11:00,-37.88903642445803,144.98718531802297,25.71573,33.799999999999955,2669,9.774,9774.0,,85,0.5,23,2017-10-14 22:33:26,Australia/Melbourne
2017-10-15 09:33:34+11:00,-37.88915670476854,144.98738313093781,25.737659999999998,34.0,2670,9.7416,9741.6,,87,0.5,23,2017-10-14 22:33:34,Australia/Melbourne
2017-10-15 09:33:39+11:00,-37.88922359235585,144.98750030994415,25.75038,33.60000000000002,2668,9.6084,9608.4,,87,0.5,23,2017-10-14 22:33:39,Australia/Melbourne
2017-10-15 09:33:47+11:00,-37.8893365804106,144.98768219724298,25.77077,33.60000000000002,2668,9.4068,9406.800000000001,,86,0.5,23,2017-10-14 22:33:47,Australia/Melbourne
2017-10-15 09:33:55+11:00,-37.889454094693065,144.98788369819522,25.79284,33.60000000000002,2668,9.471599999999999,9471.6,,86,0.5,23,2017-10-14 22:33:55,Australia/Melbourne
2017-10-15 09:34:03+11:00,-37.88957303389907,144.9880800023675,25.81456,33.799999999999955,2669,9.774,9774.0,,86,0.5,23,2017-10-14 22:34:03,Australia/Melbourne
2017-10-15 09:34:11+11:00,-37.889688704162836,144.9882771447301,25.83614,33.799999999999955,2669,9.8748,9874.800000000001,,86,0.5,23,2017-10-14 22:34:11,Australia/Melbourne
2017-10-15 09:34:19+11:00,-37.88980512879789,144.98847311362624,25.857680000000002,34.0,2670,9.5076,9507.6,,87,0.0,23,2017-10-14 22:34:19,Australia/Melbourne
2017-10-15 09:34:27+11:00,-37.889924235641956,144.98865701258183,25.87857,34.0,2670,9.5076,9507.6,,86,0.5,23,2017-10-14 22:34:27,Australia/Melbourne
2017-10-15 09:34:35+11:00,-37.89003831334412,144.98884200118482,25.89918,34.0,2670,9.54,9540.0,,85,0.5,23,2017-10-14 22:34:35,Australia/Melbourne
2017-10-15 09:34:43+11:00,-37.89015448652208,144.98902556486428,25.91983,34.200000000000045,2671,9.4392,9439.2,,85,0.5,23,2017-10-14 22:34:43,Australia/Melbourne
2017-10-15 09:34:51+11:00,-37.89027216844261,144.9892122298479,25.94082,34.200000000000045,2671,9.4392,9439.2,,86,0.5,23,2017-10-14 22:34:51,Australia/Melbourne
2017-10-15 09:34:59+11:00,-37.8903900180012,144.98940610326827,25.96233,34.200000000000045,2671,9.54,9540.0,,87,0.5,23,2017-10-14 22:34:59,Australia/Melbourne
2017-10-15 09:35:07+11:00,-37.89050702936947,144.9896014854312,25.98386,34.200000000000045,2671,9.5724,9572.4,,86,0.5,23,2017-10-14 22:35:07,Australia/Melbourne
2017-10-15 09:35:14+11:00,-37.89060258306563,144.98977633193135,26.00255,34.60000000000002,2673,9.6732,9673.2,,86,0.5,24,2017-10-14 22:35:14,Australia/Melbourne
2017-10-15 09:35:15+11:00,-37.8906159941107,144.989801812917,26.00524,34.60000000000002,2673,9.471599999999999,9471.6,,86,0.5,24,2017-10-14 22:35:15,Australia/Melbourne
2017-10-15 09:35:23+11:00,-37.89073158055544,144.9899910762906,26.02624,34.39999999999998,2672,9.370800000000001,9370.800000000001,,86,0.5,24,2017-10-14 22:35:23,Australia/Melbourne
2017-10-15 09:35:31+11:00,-37.89084733463824,144.99018997885287,26.047939999999997,34.39999999999998,2672,9.471599999999999,9471.6,,86,0.5,24,2017-10-14 22:35:31,Australia/Melbourne
2017-10-15 09:35:39+11:00,-37.89097163826227,144.99037496745586,26.06928,34.60000000000002,2673,9.5076,9507.6,,86,0.5,24,2017-10-14 22:35:39,Australia/Melbourne
2017-10-15 09:35:43+11:00,-37.89099209010601,144.9904369097203,26.07562,34.799999999999955,2674,9.4068,9406.800000000001,,86,0.5,24,2017-10-14 22:35:43,Australia/Melbourne
2017-10-15 09:35:47+11:00,-37.890931656584144,144.9903536774218,26.08568,34.799999999999955,2674,9.2052,9205.2,,86,0.0,24,2017-10-14 22:35:47,Australia/Melbourne
2017-10-15 09:35:54+11:00,-37.89082411676645,144.99015636742115,26.1068,34.0,2670,10.346400000000001,10346.4,,87,0.5,24,2017-10-14 22:35:54,Australia/Melbourne
2017-10-15 09:36:02+11:00,-37.89069461636245,144.9899564590305,26.12952,34.200000000000045,2671,10.044,10044.0,,87,0.5,24,2017-10-14 22:36:02,Australia/Melbourne
2017-10-15 09:36:10+11:00,-37.89057148620486,144.98977163806558,26.15077,34.0,2670,9.81,9810.0,,86,0.5,24,2017-10-14 22:36:10,Australia/Melbourne
2017-10-15 09:36:18+11:00,-37.89045103825629,144.98956879600883,26.17305,33.799999999999955,2669,9.9108,9910.800000000001,,87,0.5,24,2017-10-14 22:36:18,Australia/Melbourne
2017-10-15 09:36:26+11:00,-37.89033913984895,144.98937576077878,26.194119999999998,34.200000000000045,2671,9.774,9774.0,,87,0.5,24,2017-10-14 22:36:26,Australia/Melbourne
2017-10-15 09:36:34+11:00,-37.8902206197381,144.98918540775776,26.215419999999998,34.0,2670,9.7416,9741.6,,87,0.5,24,2017-10-14 22:36:34,Australia/Melbourne
2017-10-15 09:36:42+11:00,-37.8900982439518,144.98899740166962,26.2368,33.799999999999955,2669,9.6732,9673.2,,85,0.5,24,2017-10-14 22:36:42,Australia/Melbourne
2017-10-15 09:36:50+11:00,-37.88997964002192,144.9888078868389,26.25805,34.0,2670,9.709200000000001,9709.2,,87,0.5,24,2017-10-14 22:36:50,Australia/Melbourne
2017-10-15 09:36:55+11:00,-37.88990780711174,144.98868919909,26.27118,33.39999999999998,2667,9.6732,9673.2,,86,0.5,23,2017-10-14 22:36:55,Australia/Melbourne
2017-10-15 09:37:03+11:00,-37.88978769443929,144.98849431984127,26.29291,33.60000000000002,2668,9.709200000000001,9709.2,,86,0.5,23,2017-10-14 22:37:03,Australia/Melbourne
2017-10-15 09:37:11+11:00,-37.889661714434624,144.98829424381256,26.31542,33.39999999999998,2667,9.8424,9842.4,,86,0.5,23,2017-10-14 22:37:11,Australia/Melbourne
2017-10-15 09:37:19+11:00,-37.88954528979957,144.98809316195548,26.337419999999998,33.200000000000045,2666,9.8748,9874.800000000001,,87,0.5,23,2017-10-14 22:37:19,Australia/Melbourne
2017-10-15 09:37:27+11:00,-37.889427691698074,144.98790314421058,26.35862,33.200000000000045,2666,9.81,9810.0,,86,0.5,23,2017-10-14 22:37:27,Australia/Melbourne
2017-10-15 09:37:35+11:00,-37.889315374195576,144.98770767822862,26.37986,33.200000000000045,2666,9.7416,9741.6,,85,0.5,23,2017-10-14 22:37:35,Australia/Melbourne
2017-10-15 09:37:43+11:00,-37.889203391969204,144.9875030759722,26.401709999999998,33.39999999999998,2667,9.774,9774.0,,85,0.5,23,2017-10-14 22:37:43,Australia/Melbourne
2017-10-15 09:37:51+11:00,-37.889086632058024,144.9873004015535,26.42377,33.39999999999998,2667,9.7416,9741.6,,87,0.5,23,2017-10-14 22:37:51,Australia/Melbourne
2017-10-15 09:37:53+11:00,-37.88905469700694,144.9872557260096,26.42905,33.39999999999998,2667,9.7416,9741.6,,86,0.5,23,2017-10-14 22:37:53,Australia/Melbourne
2017-10-15 09:38:01+11:00,-37.88893550634384,144.98706336133182,26.45053,33.39999999999998,2667,9.6732,9673.2,,86,0.5,23,2017-10-14 22:38:01,Australia/Melbourne
2017-10-15 09:38:09+11:00,-37.88881380110979,144.9868817254901,26.47145,33.60000000000002,2668,9.6084,9608.4,,85,0.5,23,2017-10-14 22:38:09,Australia/Melbourne
2017-10-15 09:38:17+11:00,-37.88869838230312,144.98669271357358,26.49244,33.60000000000002,2668,9.54,9540.0,,86,0.5,23,2017-10-14 22:38:17,Australia/Melbourne
2017-10-15 09:38:25+11:00,-37.88858422078192,144.98651434667408,26.51273,33.60000000000002,2668,9.4392,9439.2,,85,0.5,23,2017-10-14 22:38:25,Australia/Melbourne
2017-10-15 09:38:33+11:00,-37.888468047603965,144.98632365837693,26.53392,33.799999999999955,2669,9.4392,9439.2,,87,0.5,23,2017-10-14 22:38:33,Australia/Melbourne
2017-10-15 09:38:41+11:00,-37.88835950195789,144.98612198978662,26.555419999999998,33.799999999999955,2669,9.471599999999999,9471.6,,86,0.5,23,2017-10-14 22:38:41,Australia/Melbourne
2017-10-15 09:38:49+11:00,-37.88824123330414,144.9859395995736,26.576150000000002,33.799999999999955,2669,9.4068,9406.800000000001,,86,0.5,23,2017-10-14 22:38:49,Australia/Melbourne
2017-10-15 09:38:57+11:00,-37.88812564685941,144.98575528152287,26.59682,34.0,2670,9.370800000000001,9370.800000000001,,86,0.5,23,2017-10-14 22:38:57,Australia/Melbourne
2017-10-15 09:39:05+11:00,-37.88800888694823,144.98556459322572,26.618009999999998,34.0,2670,9.4068,9406.800000000001,,85,0.5,22,2017-10-14 22:39:05,Australia/Melbourne
2017-10-15 09:39:13+11:00,-37.88788969628513,144.98538362793624,26.63871,34.39999999999998,2672,9.3384,9338.4,,85,0.5,22,2017-10-14 22:39:13,Australia/Melbourne
2017-10-15 09:39:20+11:00,-37.88778651505709,144.98521322384477,26.657610000000002,34.60000000000002,2673,9.370800000000001,9370.800000000001,,85,0.5,22,2017-10-14 22:39:20,Australia/Melbourne
2017-10-15 09:39:28+11:00,-37.88768123835325,144.98501490801573,26.67862,35.0,2675,9.370800000000001,9370.800000000001,,85,0.5,22,2017-10-14 22:39:28,Australia/Melbourne
2017-10-15 09:39:36+11:00,-37.88756045512855,144.98482706956565,26.699900000000003,35.39999999999998,2677,9.4392,9439.2,,85,0.5,22,2017-10-14 22:39:36,Australia/Melbourne
2017-10-15 09:39:38+11:00,-37.88753296248615,144.9847801309079,26.705029999999997,35.39999999999998,2677,9.4392,9439.2,,85,0.5,22,2017-10-14 22:39:38,Australia/Melbourne
2017-10-15 09:39:46+11:00,-37.88741762749851,144.98459690250456,26.72562,35.39999999999998,2677,9.370800000000001,9370.800000000001,,86,0.5,22,2017-10-14 22:39:46,Australia/Melbourne
2017-10-15 09:39:53+11:00,-37.8873195592314,144.98440227471292,26.745939999999997,35.39999999999998,2677,9.5076,9507.6,,86,0.5,22,2017-10-14 22:39:53,Australia/Melbourne
2017-10-15 09:40:01+11:00,-37.88720388896763,144.98420689255,26.767400000000002,35.200000000000045,2676,9.5724,9572.4,,86,0.5,22,2017-10-14 22:40:01,Australia/Melbourne
2017-10-15 09:40:09+11:00,-37.887100372463465,144.9839991889894,26.789060000000003,35.200000000000045,2676,9.6084,9608.4,,86,0.5,22,2017-10-14 22:40:09,Australia/Melbourne
2017-10-15 09:40:17+11:00,-37.88698486983776,144.98380556702614,26.81035,34.799999999999955,2674,9.6084,9608.4,,85,0.5,22,2017-10-14 22:40:17,Australia/Melbourne
2017-10-15 09:40:25+11:00,-37.88686232641339,144.98361395671964,26.832009999999997,34.799999999999955,2674,9.6732,9673.2,,87,0.0,22,2017-10-14 22:40:25,Australia/Melbourne
2017-10-15 09:40:33+11:00,-37.88673651404679,144.98343181796372,26.85326,34.39999999999998,2672,9.5724,9572.4,,85,0.5,22,2017-10-14 22:40:33,Australia/Melbourne
2017-10-15 09:40:41+11:00,-37.88661740720272,144.98323953710496,26.87472,34.39999999999998,2672,9.5724,9572.4,,86,0.5,22,2017-10-14 22:40:41,Australia/Melbourne
2017-10-15 09:40:49+11:00,-37.886490589007735,144.9830424785614,26.897009999999998,34.39999999999998,2672,9.6732,9673.2,,85,0.5,21,2017-10-14 22:40:49,Australia/Melbourne
2017-10-15 09:40:57+11:00,-37.886365950107574,144.98284441418946,26.91925,34.0,2670,9.7416,9741.6,,86,0.5,21,2017-10-14 22:40:57,Australia/Melbourne
2017-10-15 09:41:05+11:00,-37.88625522516668,144.98264299705625,26.94086,34.0,2670,9.7416,9741.6,,86,0.5,21,2017-10-14 22:41:05,Australia/Melbourne
2017-10-15 09:41:13+11:00,-37.88613905198872,144.98246488161385,26.96114,34.200000000000045,2671,9.54,9540.0,,86,0.5,21,2017-10-14 22:41:13,Australia/Melbourne
2017-10-15 09:41:21+11:00,-37.88601592183113,144.98228039592505,26.982380000000003,33.799999999999955,2669,9.54,9540.0,,87,0.5,21,2017-10-14 22:41:21,Australia/Melbourne
2017-10-15 09:41:28+11:00,-37.88591994903982,144.98210906982422,27.000880000000002,33.799999999999955,2669,9.5724,9572.4,,86,0.5,21,2017-10-14 22:41:28,Australia/Melbourne
2017-10-15 09:41:36+11:00,-37.885803105309606,144.9819099996239,27.022669999999998,34.0,2670,9.5724,9572.4,,86,0.5,21,2017-10-14 22:41:36,Australia/Melbourne
2017-10-15 09:41:44+11:00,-37.88569590076804,144.98172115534544,27.043110000000002,34.0,2670,9.5076,9507.6,,87,0.5,21,2017-10-14 22:41:44,Australia/Melbourne
2017-10-15 09:41:52+11:00,-37.88557159714401,144.98153532855213,27.06447,34.39999999999998,2672,9.54,9540.0,,85,0.5,21,2017-10-14 22:41:52,Australia/Melbourne
2017-10-15 09:42:00+11:00,-37.8854529093951,144.98133726418018,27.08633,34.200000000000045,2671,9.5724,9572.4,,86,0.5,21,2017-10-14 22:42:00,Australia/Melbourne
2017-10-15 09:42:08+11:00,-37.885338412597775,144.98114959336817,27.10717,34.200000000000045,2671,9.5724,9572.4,,86,0.5,21,2017-10-14 22:42:08,Australia/Melbourne
2017-10-15 09:42:16+11:00,-37.885222071781754,144.98096695169806,27.12788,34.0,2670,9.4392,9439.2,,86,0.5,21,2017-10-14 22:42:16,Australia/Melbourne
2017-10-15 09:42:24+11:00,-37.88511151447892,144.98076955787838,27.14912,34.39999999999998,2672,9.5076,9507.6,,85,0.5,21,2017-10-14 22:42:24,Australia/Melbourne
2017-10-15 09:42:32+11:00,-37.88500062189996,144.980578282848,27.169990000000002,34.0,2670,9.471599999999999,9471.6,,86,0.5,21,2017-10-14 22:42:32,Australia/Melbourne
2017-10-15 09:42:40+11:00,-37.884885454550385,144.98038365505636,27.19141,33.799999999999955,2669,9.5076,9507.6,,87,0.5,21,2017-10-14 22:42:40,Australia/Melbourne
2017-10-15 09:42:48+11:00,-37.88477271795273,144.98019522987306,27.2122,34.0,2670,9.4392,9439.2,,87,0.5,21,2017-10-14 22:42:48,Australia/Melbourne
2017-10-15 09:42:56+11:00,-37.88465050980449,144.98000906780362,27.233490000000003,34.0,2670,9.471599999999999,9471.6,,86,0.5,21,2017-10-14 22:42:56,Australia/Melbourne
2017-10-15 09:43:04+11:00,-37.884513046592474,144.97984838671982,27.254279999999998,34.39999999999998,2672,9.4068,9406.800000000001,,84,0.5,21,2017-10-14 22:43:04,Australia/Melbourne
2017-10-15 09:43:12+11:00,-37.884365525096655,144.9796960875392,27.27544,34.60000000000002,2673,9.4068,9406.800000000001,,86,0.5,21,2017-10-14 22:43:12,Australia/Melbourne
2017-10-15 09:43:20+11:00,-37.88422244600952,144.97954512946308,27.296169999999996,34.799999999999955,2674,9.4068,9406.800000000001,,86,0.5,21,2017-10-14 22:43:20,Australia/Melbourne
2017-10-15 09:43:28+11:00,-37.884072326123714,144.97940523549914,27.31688,35.39999999999998,2677,9.270000000000001,9270.0,,85,0.5,21,2017-10-14 22:43:28,Australia/Melbourne
2017-10-15 09:43:33+11:00,-37.88398180156946,144.9793118610978,27.32986,35.60000000000002,2678,9.270000000000001,9270.0,,86,0.5,21,2017-10-14 22:43:33,Australia/Melbourne
2017-10-15 09:43:41+11:00,-37.88382036611438,144.97916308231652,27.352130000000002,35.60000000000002,2678,9.4392,9439.2,,85,0.5,21,2017-10-14 22:43:41,Australia/Melbourne
2017-10-15 09:43:49+11:00,-37.88365297950804,144.97904749587178,27.37332,35.799999999999955,2679,9.471599999999999,9471.6,,87,0.5,21,2017-10-14 22:43:49,Australia/Melbourne
2017-10-15 09:43:57+11:00,-37.88348534144461,144.9789082724601,27.39561,35.0,2675,9.5724,9572.4,,87,0.5,21,2017-10-14 22:43:57,Australia/Melbourne
2017-10-15 09:44:05+11:00,-37.88331619463861,144.97877801768482,27.4176,35.0,2675,9.6408,9640.800000000001,,86,0.5,21,2017-10-14 22:44:05,Australia/Melbourne
2017-10-15 09:44:08+11:00,-37.8832561802119,144.97872973792255,27.42549,34.60000000000002,2673,9.6408,9640.800000000001,,87,0.5,21,2017-10-14 22:44:08,Australia/Melbourne
2017-10-15 09:44:09+11:00,-37.8832355607301,144.97871263884008,27.428240000000002,34.39999999999998,2672,9.6408,9640.800000000001,,87,0.5,21,2017-10-14 22:44:09,Australia/Melbourne
2017-10-15 09:44:17+11:00,-37.883067671209574,144.97858749702573,27.44988,34.60000000000002,2673,9.6732,9673.2,,87,0.5,21,2017-10-14 22:44:17,Australia/Melbourne
2017-10-15 09:44:25+11:00,-37.882904559373856,144.97844953089952,27.47169,34.200000000000045,2671,9.6732,9673.2,,87,0.5,21,2017-10-14 22:44:25,Australia/Melbourne
2017-10-15 09:44:33+11:00,-37.8827400226146,144.97832958586514,27.49278,34.200000000000045,2671,9.6408,9640.800000000001,,85,0.5,21,2017-10-14 22:44:33,Australia/Melbourne
2017-10-15 09:44:41+11:00,-37.88256852887571,144.97821676544845,27.51423,34.200000000000045,2671,9.6408,9640.800000000001,,87,0.5,21,2017-10-14 22:44:41,Australia/Melbourne
2017-10-15 09:44:49+11:00,-37.88240097463131,144.97809682041407,27.535619999999998,34.0,2670,9.7416,9741.6,,84,0.5,21,2017-10-14 22:44:49,Australia/Melbourne
2017-10-15 09:44:57+11:00,-37.88222411647439,144.9779891129583,27.55743,33.799999999999955,2669,9.6084,9608.4,,86,0.5,21,2017-10-14 22:44:57,Australia/Melbourne
2017-10-15 09:45:05+11:00,-37.88204482756555,144.9778912961483,27.57912,33.799999999999955,2669,9.6084,9608.4,,85,0.5,21,2017-10-14 22:45:05,Australia/Melbourne
2017-10-15 09:45:12+11:00,-37.88187970407307,144.97782424092293,27.59837,33.39999999999998,2667,9.6732,9673.2,,87,0.5,21,2017-10-14 22:45:12,Australia/Melbourne
2017-10-15 09:45:20+11:00,-37.88168918341398,144.97773447073996,27.62095,34.60000000000002,2673,9.81,9810.0,,87,0.5,21,2017-10-14 22:45:20,Australia/Melbourne
2017-10-15 09:45:27+11:00,-37.88151668384671,144.97766909189522,27.64096,33.60000000000002,2668,9.943200000000001,9943.2,,86,0.5,21,2017-10-14 22:45:27,Australia/Melbourne
2017-10-15 09:45:35+11:00,-37.88132783956826,144.97760094702244,27.66279,33.60000000000002,2668,9.9108,9910.800000000001,,87,0.5,21,2017-10-14 22:45:35,Australia/Melbourne
2017-10-15 09:45:49+11:00,-37.88114000111818,144.977554846555,27.68405,33.799999999999955,2669,5.7456000000000005,5745.6,,57,0.0,21,2017-10-14 22:45:49,Australia/Melbourne
2017-10-15 09:46:03+11:00,-37.88095861673355,144.97750924900174,27.70468,34.0,2670,5.508,5508.0,,0,0.0,21,2017-10-14 22:46:03,Australia/Melbourne
2017-10-15 09:46:17+11:00,-37.88076801225543,144.97750313021243,27.72604,34.0,2670,5.6448,5644.8,,59,0.0,21,2017-10-14 22:46:17,Australia/Melbourne
2017-10-15 09:46:31+11:00,-37.88057858124375,144.9774906411767,27.74707,33.799999999999955,2669,5.508,5508.0,,59,0.0,21,2017-10-14 22:46:31,Australia/Melbourne
2017-10-15 09:46:34+11:00,-37.88054312579334,144.97749449685216,27.751,33.39999999999998,2667,5.4756,5475.6,,59,0.0,21,2017-10-14 22:46:34,Australia/Melbourne
2017-10-15 09:46:50+11:00,-37.88037548772991,144.97746700420976,27.77001,33.200000000000045,2666,4.4352,4435.2,,59,0.0,21,2017-10-14 22:46:50,Australia/Melbourne
2017-10-15 09:46:52+11:00,-37.88035185076296,144.97746851295233,27.77264,33.200000000000045,2666,4.0644,4064.4,,59,0.0,21,2017-10-14 22:46:52,Australia/Melbourne
2017-10-15 09:47:08+11:00,-37.88016661070287,144.97745845466852,27.79339,33.200000000000045,2666,4.3668000000000005,4366.8,,55,0.5,21,2017-10-14 22:47:08,Australia/Melbourne
2017-10-15 09:47:10+11:00,-37.88015026599169,144.97745241969824,27.79526,33.200000000000045,2666,4.032000000000001,4032.0,,55,0.5,21,2017-10-14 22:47:10,Australia/Melbourne
2017-10-15 09:47:25+11:00,-37.87995873950422,144.97741897590458,27.816830000000003,33.0,2665,4.4352,4435.2,,52,0.5,21,2017-10-14 22:47:25,Australia/Melbourne
2017-10-15 09:47:38+11:00,-37.87977308034897,144.97739248909056,27.83757,33.0,2665,5.7096,5709.6,,59,0.0,21,2017-10-14 22:47:38,Australia/Melbourne
2017-10-15 09:47:53+11:00,-37.879585828632116,144.97737002559006,27.858439999999998,33.0,2665,5.3748000000000005,5374.8,,59,0.0,21,2017-10-14 22:47:53,Australia/Melbourne
2017-10-15 09:48:08+11:00,-37.879395224153996,144.97733163647354,27.87989,33.39999999999998,2667,5.274,5274.0,,59,0.0,21,2017-10-14 22:48:08,Australia/Melbourne
2017-10-15 09:48:12+11:00,-37.87934258580208,144.97732761316,27.8857,33.39999999999998,2667,5.274,5274.0,,59,0.0,21,2017-10-14 22:48:12,Australia/Melbourne
2017-10-15 09:48:26+11:00,-37.879155836999416,144.97730975970626,27.90652,33.60000000000002,2668,5.6088000000000005,5608.8,,54,0.5,21,2017-10-14 22:48:26,Australia/Melbourne
2017-10-15 09:48:40+11:00,-37.87897235713899,144.97728469781578,27.9272,33.799999999999955,2669,5.4756,5475.6,,0,0.0,21,2017-10-14 22:48:40,Australia/Melbourne
2017-10-15 09:48:54+11:00,-37.8787889610976,144.97723784297705,27.94799,33.799999999999955,2669,5.6448,5644.8,,0,0.0,21,2017-10-14 22:48:54,Australia/Melbourne
2017-10-15 09:49:00+11:00,-37.87870740517974,144.97722694650292,27.957009999999997,34.0,2670,5.508,5508.0,,0,0.0,21,2017-10-14 22:49:00,Australia/Melbourne
2017-10-15 09:49:13+11:00,-37.878523003309965,144.9772073328495,27.97755,33.799999999999955,2669,5.5440000000000005,5544.0,,59,0.0,21,2017-10-14 22:49:13,Australia/Melbourne
2017-10-15 09:49:27+11:00,-37.878332901746035,144.9771835282445,27.99869,33.799999999999955,2669,5.6448,5644.8,,0,0.0,21,2017-10-14 22:49:27,Australia/Melbourne
2017-10-15 09:49:28+11:00,-37.878319658339024,144.97718185186386,28.000169999999997,33.799999999999955,2669,5.4432,5443.2,,0,0.0,21,2017-10-14 22:49:28,Australia/Melbourne
2017-10-15 09:49:39+11:00,-37.87812553346157,144.97715092264116,28.021919999999998,33.39999999999998,2667,8.8344,8834.4,,82,0.0,21,2017-10-14 22:49:39,Australia/Melbourne
2017-10-15 09:49:47+11:00,-37.877920009195805,144.97713449411094,28.0448,33.200000000000045,2666,10.9152,10915.2,,85,0.5,21,2017-10-14 22:49:47,Australia/Melbourne
2017-10-15 09:49:55+11:00,-37.877728063613176,144.97710968367755,28.06622,33.0,2665,10.1448,10144.800000000001,,86,0.5,21,2017-10-14 22:49:55,Australia/Melbourne
2017-10-15 09:50:03+11:00,-37.877545254305005,144.9771039839834,28.08657,33.0,2665,9.8424,9842.4,,87,0.5,21,2017-10-14 22:50:03,Australia/Melbourne
2017-10-15 09:50:10+11:00,-37.87736034952104,144.9770762398839,28.10725,32.799999999999955,2664,10.011600000000001,10011.6,,87,0.5,21,2017-10-14 22:50:10,Australia/Melbourne
2017-10-15 09:50:17+11:00,-37.87718005478382,144.97705109417439,28.127419999999997,33.0,2665,10.177200000000001,10177.2,,88,0.5,21,2017-10-14 22:50:17,Australia/Melbourne
2017-10-15 09:50:25+11:00,-37.87698467262089,144.97703667730093,28.14913,32.60000000000002,2663,10.0764,10076.4,,88,0.5,21,2017-10-14 22:50:25,Australia/Melbourne
2017-10-15 09:50:33+11:00,-37.87679398432374,144.97700767591596,28.17048,32.799999999999955,2664,10.011600000000001,10011.6,,88,0.5,21,2017-10-14 22:50:33,Australia/Melbourne
2017-10-15 09:50:41+11:00,-37.87660061381757,144.97698118910193,28.19207,32.799999999999955,2664,9.9756,9975.6,,89,0.5,21,2017-10-14 22:50:41,Australia/Melbourne
2017-10-15 09:50:49+11:00,-37.87640984170139,144.97696886770427,28.213279999999997,32.60000000000002,2663,9.81,9810.0,,89,0.5,21,2017-10-14 22:50:49,Australia/Melbourne
2017-10-15 09:50:57+11:00,-37.8762124478817,144.97693785466254,28.23538,33.39999999999998,2667,9.8748,9874.800000000001,,88,0.5,21,2017-10-14 22:50:57,Australia/Melbourne
2017-10-15 09:51:04+11:00,-37.87603282369673,144.97690692543983,28.255509999999997,33.200000000000045,2666,10.0764,10076.4,,88,0.5,21,2017-10-14 22:51:04,Australia/Melbourne
2017-10-15 09:51:12+11:00,-37.87583861500025,144.9768770020455,28.27722,33.0,2665,9.9756,9975.6,,89,0.5,21,2017-10-14 22:51:12,Australia/Melbourne
2017-10-15 09:51:20+11:00,-37.87565354257822,144.97686468064785,28.297819999999998,33.39999999999998,2667,9.81,9810.0,,89,0.5,21,2017-10-14 22:51:20,Australia/Melbourne
2017-10-15 09:51:28+11:00,-37.87545992061496,144.97683073394,28.31953,33.0,2665,9.7416,9741.6,,89,0.5,21,2017-10-14 22:51:28,Australia/Melbourne
2017-10-15 09:51:35+11:00,-37.87529144436121,144.97681824490428,28.33826,32.39999999999998,2662,9.6732,9673.2,,89,0.5,21,2017-10-14 22:51:35,Australia/Melbourne
2017-10-15 09:51:43+11:00,-37.8750984929502,144.97680206783116,28.35971,33.0,2665,9.6084,9608.4,,89,0.5,21,2017-10-14 22:51:43,Australia/Melbourne
2017-10-15 09:51:51+11:00,-37.874903194606304,144.97677776031196,28.38151,32.799999999999955,2664,9.6732,9673.2,,88,0.5,21,2017-10-14 22:51:51,Australia/Melbourne
2017-10-15 09:51:59+11:00,-37.874714601784945,144.97675521299243,28.402540000000002,33.0,2665,9.6084,9608.4,,89,0.5,21,2017-10-14 22:51:59,Australia/Melbourne
2017-10-15 09:52:06+11:00,-37.87454277276993,144.97671833261847,28.4219,33.60000000000002,2668,9.6084,9608.4,,89,0.0,21,2017-10-14 22:52:06,Australia/Melbourne
2017-10-15 09:52:14+11:00,-37.87435367703438,144.9766822066158,28.44314,33.200000000000045,2666,9.6408,9640.800000000001,,89,0.5,21,2017-10-14 22:52:14,Australia/Melbourne
2017-10-15 09:52:22+11:00,-37.87415645085275,144.97665563598275,28.46515,33.200000000000045,2666,9.6408,9640.800000000001,,90,0.5,21,2017-10-14 22:52:22,Australia/Melbourne
2017-10-15 09:52:30+11:00,-37.87396517582238,144.9766214378178,28.48661,33.200000000000045,2666,9.6408,9640.800000000001,,89,0.5,21,2017-10-14 22:52:30,Australia/Melbourne
2017-10-15 09:52:38+11:00,-37.8737707156688,144.9766097869724,28.50828,33.60000000000002,2668,9.6084,9608.4,,89,0.5,21,2017-10-14 22:52:38,Australia/Melbourne
2017-10-15 09:52:46+11:00,-37.873570723459125,144.9765682965517,28.5308,33.39999999999998,2667,9.7416,9741.6,,89,0.5,21,2017-10-14 22:52:46,Australia/Melbourne
2017-10-15 09:52:54+11:00,-37.87337567657232,144.97655052691698,28.552509999999998,33.0,2665,9.7416,9741.6,,88,0.5,21,2017-10-14 22:52:54,Australia/Melbourne
2017-10-15 09:53:02+11:00,-37.87318591028452,144.97653569094837,28.57362,32.60000000000002,2663,9.709200000000001,9709.2,,89,0.5,21,2017-10-14 22:53:02,Australia/Melbourne
2017-10-15 09:53:10+11:00,-37.87299212068319,144.97651062905788,28.59524,33.0,2665,9.709200000000001,9709.2,,88,0.5,21,2017-10-14 22:53:10,Australia/Melbourne
2017-10-15 09:53:18+11:00,-37.872799756005406,144.97649461962283,28.61663,32.799999999999955,2664,9.8748,9874.800000000001,,88,0.5,21,2017-10-14 22:53:18,Australia/Melbourne
2017-10-15 09:53:26+11:00,-37.87260118871927,144.9764670431614,28.638810000000003,33.200000000000045,2666,9.8424,9842.4,,88,0.5,21,2017-10-14 22:53:26,Australia/Melbourne
2017-10-15 09:53:34+11:00,-37.87240723147988,144.9764392990619,28.66048,32.799999999999955,2664,9.8424,9842.4,,87,0.5,21,2017-10-14 22:53:34,Australia/Melbourne
2017-10-15 09:53:42+11:00,-37.87221176549792,144.9764120578766,28.68232,33.0,2665,9.81,9810.0,,87,0.5,21,2017-10-14 22:53:42,Australia/Melbourne
2017-10-15 09:53:49+11:00,-37.87203775718808,144.97639034874737,28.70173,32.60000000000002,2663,9.9108,9910.800000000001,,88,0.5,21,2017-10-14 22:53:49,Australia/Melbourne
2017-10-15 09:53:56+11:00,-37.87185654044151,144.97635824605823,28.72204,32.799999999999955,2664,9.943200000000001,9943.2,,88,0.0,21,2017-10-14 22:53:56,Australia/Melbourne
2017-10-15 09:54:04+11:00,-37.87166920490563,144.97633804567158,28.74291,32.799999999999955,2664,9.774,9774.0,,86,0.5,21,2017-10-14 22:54:04,Australia/Melbourne
2017-10-15 09:54:12+11:00,-37.871482539922,144.97631583362818,28.763740000000002,33.0,2665,9.306000000000001,9306.0,,87,0.5,21,2017-10-14 22:54:12,Australia/Melbourne
2017-10-15 09:54:20+11:00,-37.87129243835807,144.97628750279546,28.78498,32.60000000000002,2663,9.4068,9406.800000000001,,86,0.5,21,2017-10-14 22:54:20,Australia/Melbourne
2017-10-15 09:54:28+11:00,-37.871101750060916,144.97625833377242,28.80629,32.60000000000002,2663,9.4068,9406.800000000001,,86,0.5,21,2017-10-14 22:54:28,Australia/Melbourne
2017-10-15 09:54:36+11:00,-37.87090762518346,144.97622463852167,28.82804,32.799999999999955,2664,9.5076,9507.6,,88,0.5,21,2017-10-14 22:54:36,Australia/Melbourne
2017-10-15 09:54:44+11:00,-37.870713751763105,144.97620418667793,28.84964,32.39999999999998,2662,9.54,9540.0,,86,0.5,21,2017-10-14 22:54:44,Australia/Melbourne
2017-10-15 09:54:52+11:00,-37.87051501683891,144.97617694549263,28.87186,32.39999999999998,2662,9.6732,9673.2,,86,0.5,21,2017-10-14 22:54:52,Australia/Melbourne
2017-10-15 09:55:00+11:00,-37.87032122723758,144.97614660300314,28.89354,32.60000000000002,2663,9.6732,9673.2,,87,0.5,21,2017-10-14 22:55:00,Australia/Melbourne
2017-10-15 09:55:08+11:00,-37.87012559361756,144.97613453306258,28.915290000000002,32.60000000000002,2663,9.6408,9640.800000000001,,87,0.5,21,2017-10-14 22:55:08,Australia/Melbourne
2017-10-15 09:55:16+11:00,-37.86992526613176,144.97611022554338,28.93766,32.799999999999955,2664,9.81,9810.0,,86,0.5,21,2017-10-14 22:55:16,Australia/Melbourne
2017-10-15 09:55:23+11:00,-37.86973902024329,144.97606395743787,28.95872,33.0,2665,9.943200000000001,9943.2,,87,0.5,21,2017-10-14 22:55:23,Australia/Melbourne
2017-10-15 09:55:31+11:00,-37.869547912850976,144.97598273679614,28.98111,33.200000000000045,2666,9.9756,9975.6,,88,0.5,21,2017-10-14 22:55:31,Australia/Melbourne
2017-10-15 09:55:39+11:00,-37.86937558092177,144.97588491998613,29.00209,33.60000000000002,2668,9.8748,9874.800000000001,,87,0.5,21,2017-10-14 22:55:39,Australia/Melbourne
2017-10-15 09:55:47+11:00,-37.8691962081939,144.9757878575474,29.02376,33.60000000000002,2668,9.7416,9741.6,,86,0.5,21,2017-10-14 22:55:47,Australia/Melbourne
2017-10-15 09:55:55+11:00,-37.86902345716953,144.97569096274674,29.04475,33.60000000000002,2668,9.6732,9673.2,,86,0.5,21,2017-10-14 22:55:55,Australia/Melbourne
2017-10-15 09:56:03+11:00,-37.86884752102196,144.97557235881686,29.06692,33.799999999999955,2669,9.7416,9741.6,,87,0.5,21,2017-10-14 22:56:03,Australia/Melbourne
2017-10-15 09:56:11+11:00,-37.86864920519292,144.97550882399082,29.08966,33.200000000000045,2666,9.8424,9842.4,,88,0.5,21,2017-10-14 22:56:11,Australia/Melbourne
2017-10-15 09:56:19+11:00,-37.86845616996288,144.97544939629734,29.111729999999998,33.60000000000002,2668,9.9108,9910.800000000001,,87,0.5,21,2017-10-14 22:56:19,Australia/Melbourne
2017-10-15 09:56:27+11:00,-37.868273528292775,144.9753695167601,29.13324,33.60000000000002,2668,9.8424,9842.4,,87,0.5,21,2017-10-14 22:56:27,Australia/Melbourne
2017-10-15 09:56:35+11:00,-37.86809558048844,144.9752481468022,29.15574,33.200000000000045,2666,9.9108,9910.800000000001,,87,0.5,21,2017-10-14 22:56:35,Australia/Melbourne
2017-10-15 09:56:43+11:00,-37.867926098406315,144.9751089233905,29.17822,33.200000000000045,2666,9.943200000000001,9943.2,,87,0.5,21,2017-10-14 22:56:43,Australia/Melbourne
2017-10-15 09:56:51+11:00,-37.86775493994355,144.97499107383192,29.19987,33.0,2665,9.8748,9874.800000000001,,87,0.5,21,2017-10-14 22:56:51,Australia/Melbourne
2017-10-15 09:56:59+11:00,-37.867570873349905,144.97487531974912,29.22269,33.60000000000002,2668,9.9108,9910.800000000001,,87,0.5,21,2017-10-14 22:56:59,Australia/Melbourne
2017-10-15 09:57:07+11:00,-37.86740507930517,144.97475445270538,29.243959999999998,33.0,2665,9.9108,9910.800000000001,,87,0.5,21,2017-10-14 22:57:07,Australia/Melbourne
2017-10-15 09:57:15+11:00,-37.86722746677697,144.97464548796415,29.265880000000003,33.39999999999998,2667,9.8748,9874.800000000001,,88,0.5,21,2017-10-14 22:57:15,Australia/Melbourne
2017-10-15 09:57:23+11:00,-37.867051446810365,144.97453928925097,29.28754,33.0,2665,9.8748,9874.800000000001,,88,0.5,21,2017-10-14 22:57:23,Australia/Melbourne
2017-10-15 09:57:31+11:00,-37.866863356903195,144.9744568951428,29.309630000000002,33.60000000000002,2668,9.9108,9910.800000000001,,88,0.5,21,2017-10-14 22:57:31,Australia/Melbourne
2017-10-15 09:57:39+11:00,-37.86668666638434,144.97436947189271,29.3307,33.60000000000002,2668,9.8424,9842.4,,87,0.5,21,2017-10-14 22:57:39,Australia/Melbourne
2017-10-15 09:57:47+11:00,-37.86649748682976,144.97427676804364,29.353279999999998,33.799999999999955,2669,9.8748,9874.800000000001,,87,0.5,21,2017-10-14 22:57:47,Australia/Melbourne
2017-10-15 09:57:55+11:00,-37.86633102223277,144.9741701502353,29.37401,34.0,2670,9.81,9810.0,,86,0.5,21,2017-10-14 22:57:55,Australia/Melbourne
2017-10-15 09:58:03+11:00,-37.86614963784814,144.97406302951276,29.39631,34.0,2670,9.8748,9874.800000000001,,87,0.5,21,2017-10-14 22:58:03,Australia/Melbourne
2017-10-15 09:58:11+11:00,-37.86598174832761,144.97394149191678,29.417810000000003,34.39999999999998,2672,9.9108,9910.800000000001,,86,0.5,21,2017-10-14 22:58:11,Australia/Melbourne
2017-10-15 09:58:19+11:00,-37.865832885727286,144.97379983775318,29.438509999999997,34.39999999999998,2672,9.7416,9741.6,,87,0.5,21,2017-10-14 22:58:19,Australia/Melbourne
2017-10-15 09:58:27+11:00,-37.8656907286495,144.97362859547138,29.460330000000003,34.200000000000045,2671,9.774,9774.0,,86,0.5,21,2017-10-14 22:58:27,Australia/Melbourne
2017-10-15 09:58:35+11:00,-37.8655609767884,144.9734481330961,29.48186,34.200000000000045,2671,9.774,9774.0,,86,0.5,21,2017-10-14 22:58:35,Australia/Melbourne
2017-10-15 09:58:43+11:00,-37.86543273366988,144.97326440177858,29.503439999999998,34.39999999999998,2672,9.7416,9741.6,,86,0.5,21,2017-10-14 22:58:43,Australia/Melbourne
2017-10-15 09:58:51+11:00,-37.86530532874167,144.9730834364891,29.524759999999997,34.60000000000002,2673,9.6732,9673.2,,87,0.5,20,2017-10-14 22:58:51,Australia/Melbourne
2017-10-15 09:58:59+11:00,-37.865175157785416,144.9728966038674,29.546830000000003,34.200000000000045,2671,9.7416,9741.6,,86,0.5,20,2017-10-14 22:58:59,Australia/Melbourne
2017-10-15 09:59:06+11:00,-37.86503694020212,144.97274816036224,29.566950000000002,34.39999999999998,2672,9.8424,9842.4,,87,0.5,20,2017-10-14 22:59:06,Australia/Melbourne
2017-10-15 09:59:14+11:00,-37.86487290635705,144.97259753756225,29.589509999999997,34.200000000000045,2671,9.8748,9874.800000000001,,87,0.5,20,2017-10-14 22:59:14,Australia/Melbourne
2017-10-15 09:59:22+11:00,-37.86469747312367,144.97248706407845,29.6113,33.60000000000002,2668,9.81,9810.0,,88,0.5,20,2017-10-14 22:59:22,Australia/Melbourne
2017-10-15 09:59:29+11:00,-37.864537462592125,144.97238321229815,29.63132,33.60000000000002,2668,9.8748,9874.800000000001,,86,0.5,20,2017-10-14 22:59:29,Australia/Melbourne
2017-10-15 09:59:37+11:00,-37.86435599438846,144.97226921841502,29.65381,33.39999999999998,2667,9.8748,9874.800000000001,,87,0.0,20,2017-10-14 22:59:37,Australia/Melbourne
2017-10-15 09:59:44+11:00,-37.864177878946066,144.97222387231886,29.67401,33.39999999999998,2667,9.9756,9975.6,,86,0.5,20,2017-10-14 22:59:44,Australia/Melbourne
2017-10-15 09:59:52+11:00,-37.86398199386895,144.97217785567045,29.69612,33.39999999999998,2667,9.943200000000001,9943.2,,87,0.0,20,2017-10-14 22:59:52,Australia/Melbourne
2017-10-15 10:00:00+11:00,-37.863793317228556,144.97216561809182,29.71709,33.799999999999955,2669,9.81,9810.0,,85,0.5,20,2017-10-14 23:00:00,Australia/Melbourne
2017-10-15 10:00:08+11:00,-37.86359843797982,144.97219352982938,29.73891,34.200000000000045,2671,9.81,9810.0,,86,0.5,20,2017-10-14 23:00:08,Australia/Melbourne
2017-10-15 10:00:16+11:00,-37.86341730505228,144.97224080376327,29.75948,34.60000000000002,2673,9.6408,9640.800000000001,,86,0.5,20,2017-10-14 23:00:16,Australia/Melbourne
2017-10-15 10:00:17+11:00,-37.86339350044727,144.97224574908614,29.76214,34.60000000000002,2673,9.6408,9640.800000000001,,85,0.5,20,2017-10-14 23:00:17,Australia/Melbourne
2017-10-15 10:00:25+11:00,-37.863217648118734,144.97228967025876,29.782220000000002,35.0,2675,9.5724,9572.4,,86,0.5,20,2017-10-14 23:00:25,Australia/Melbourne
2017-10-15 10:00:33+11:00,-37.86302645690739,144.97231825254858,29.803639999999998,35.200000000000045,2676,9.4392,9439.2,,85,0.5,20,2017-10-14 23:00:33,Australia/Melbourne
2017-10-15 10:00:37+11:00,-37.862937273457646,144.9723463319242,29.81385,35.799999999999955,2679,9.471599999999999,9471.6,,85,0.5,20,2017-10-14 23:00:37,Australia/Melbourne
2017-10-15 10:00:46+11:00,-37.86275991238654,144.97246803715825,29.83634,36.60000000000002,2683,9.3384,9338.4,,84,0.0,20,2017-10-14 23:00:46,Australia/Melbourne
2017-10-15 10:00:47+11:00,-37.86273870617151,144.97248329222202,29.83905,36.799999999999955,2684,9.370800000000001,9370.800000000001,,84,0.0,20,2017-10-14 23:00:47,Australia/Melbourne
2017-10-15 10:00:55+11:00,-37.862575594335794,144.97260893695056,29.860319999999998,37.0,2685,9.4068,9406.800000000001,,84,0.5,20,2017-10-14 23:00:55,Australia/Melbourne
2017-10-15 10:01:02+11:00,-37.862414410337806,144.9727142136544,29.88049,36.799999999999955,2684,9.709200000000001,9709.2,,85,0.5,20,2017-10-14 23:01:02,Australia/Melbourne
2017-10-15 10:01:09+11:00,-37.86224861629307,144.9728024750948,29.900509999999997,36.39999999999998,2682,9.9108,9910.800000000001,,86,0.5,20,2017-10-14 23:01:09,Australia/Melbourne
2017-10-15 10:01:17+11:00,-37.8620623704046,144.97286651283503,29.921950000000002,36.39999999999998,2682,9.8748,9874.800000000001,,87,0.5,20,2017-10-14 23:01:17,Australia/Melbourne
2017-10-15 10:01:25+11:00,-37.86187025718391,144.97288503684103,29.943360000000002,36.39999999999998,2682,9.9108,9910.800000000001,,86,0.5,20,2017-10-14 23:01:25,Australia/Melbourne
2017-10-15 10:01:33+11:00,-37.86167822778225,144.97286098077893,29.96482,36.200000000000045,2681,9.774,9774.0,,88,0.5,20,2017-10-14 23:01:33,Australia/Melbourne
2017-10-15 10:01:40+11:00,-37.86151276901364,144.9728733021766,29.98346,35.799999999999955,2679,9.709200000000001,9709.2,,87,0.5,20,2017-10-14 23:01:40,Australia/Melbourne
2017-10-15 10:01:42+11:00,-37.86148468963802,144.972916636616,29.98846,35.799999999999955,2679,9.6732,9673.2,,87,0.5,20,2017-10-14 23:01:42,Australia/Melbourne
2017-10-15 10:01:43+11:00,-37.86147563718259,144.97294488362968,29.991130000000002,35.799999999999955,2679,9.6408,9640.800000000001,,87,0.5,20,2017-10-14 23:01:43,Australia/Melbourne
2017-10-15 10:01:47+11:00,-37.861487874761224,144.97306424193084,30.00184,35.60000000000002,2678,9.6408,9640.800000000001,,85,0.5,20,2017-10-14 23:01:47,Australia/Melbourne
2017-10-15 10:01:50+11:00,-37.8615115955472,144.97315535321832,30.01031,35.39999999999998,2677,9.6732,9673.2,,87,0.5,20,2017-10-14 23:01:50,Australia/Melbourne
2017-10-15 10:01:57+11:00,-37.861661463975906,144.9732908885926,30.03101,35.39999999999998,2677,9.709200000000001,9709.2,,86,0.5,20,2017-10-14 23:01:57,Australia/Melbourne
2017-10-15 10:02:05+11:00,-37.861835807561874,144.97342256829143,30.053759999999997,35.799999999999955,2679,9.7416,9741.6,,87,0.5,20,2017-10-14 23:02:05,Australia/Melbourne
2017-10-15 10:02:10+11:00,-37.86192323081195,144.9735134281218,30.06637,35.799999999999955,2679,9.7416,9741.6,,86,0.5,20,2017-10-14 23:02:10,Australia/Melbourne
2017-10-15 10:02:18+11:00,-37.861853409558535,144.97372213751078,30.08718,35.60000000000002,2678,9.5724,9572.4,,85,0.5,20,2017-10-14 23:02:18,Australia/Melbourne
2017-10-15 10:02:25+11:00,-37.86172231659293,144.97390159405768,30.108610000000002,35.60000000000002,2678,9.774,9774.0,,89,0.5,20,2017-10-14 23:02:25,Australia/Melbourne
2017-10-15 10:02:34+11:00,-37.86158460192382,144.9740818887949,30.13064,35.200000000000045,2676,9.4068,9406.800000000001,,87,0.5,20,2017-10-14 23:02:34,Australia/Melbourne
2017-10-15 10:02:41+11:00,-37.86146524362266,144.97426888905466,30.151889999999998,35.200000000000045,2676,9.6084,9608.4,,88,0.5,20,2017-10-14 23:02:41,Australia/Melbourne
2017-10-15 10:02:48+11:00,-37.861339850351214,144.97445924207568,30.173669999999998,34.799999999999955,2674,10.1448,10144.800000000001,,87,0.5,21,2017-10-14 23:02:48,Australia/Melbourne
2017-10-15 10:02:49+11:00,-37.86132434383035,144.97448271140456,30.17636,34.60000000000002,2673,10.0764,10076.4,,86,0.5,21,2017-10-14 23:02:49,Australia/Melbourne
2017-10-15 10:02:57+11:00,-37.86120540462434,144.9746842123568,30.198439999999998,34.60000000000002,2673,10.0764,10076.4,,86,0.5,21,2017-10-14 23:02:57,Australia/Melbourne
2017-10-15 10:03:05+11:00,-37.861093087121844,144.97488252818584,30.21995,34.60000000000002,2673,9.9108,9910.800000000001,,86,0.5,21,2017-10-14 23:03:05,Australia/Melbourne
2017-10-15 10:03:14+11:00,-37.860975321382284,144.97508981265128,30.24242,34.60000000000002,2673,9.4392,9439.2,,86,0.5,21,2017-10-14 23:03:14,Australia/Melbourne
2017-10-15 10:03:22+11:00,-37.8608707152307,144.97528661973774,30.263360000000002,34.60000000000002,2673,9.4068,9406.800000000001,,86,0.5,21,2017-10-14 23:03:22,Australia/Melbourne
2017-10-15 10:03:30+11:00,-37.86076200194657,144.975469680503,30.2835,35.0,2675,9.3384,9338.4,,86,0.5,21,2017-10-14 23:03:30,Australia/Melbourne
2017-10-15 10:03:39+11:00,-37.86064532585442,144.97567595914006,30.30581,35.200000000000045,2676,9.1692,9169.2,,86,0.5,21,2017-10-14 23:03:39,Australia/Melbourne
2017-10-15 10:03:47+11:00,-37.86053988151252,144.97588810510933,30.327849999999998,35.0,2675,9.306000000000001,9306.0,,86,0.5,21,2017-10-14 23:03:47,Australia/Melbourne
2017-10-15 10:03:55+11:00,-37.860416416078806,144.97608608566225,30.35003,35.39999999999998,2677,9.4392,9439.2,,87,0.5,21,2017-10-14 23:03:55,Australia/Melbourne
2017-10-15 10:04:02+11:00,-37.86032320931554,144.97623721137643,30.366979999999998,35.799999999999955,2679,9.370800000000001,9370.800000000001,,86,0.5,22,2017-10-14 23:04:02,Australia/Melbourne
2017-10-15 10:04:10+11:00,-37.86022053100169,144.97642488218844,30.38708,36.200000000000045,2681,9.306000000000001,9306.0,,85,0.5,22,2017-10-14 23:04:10,Australia/Melbourne
2017-10-15 10:04:19+11:00,-37.86010636948049,144.97661657631397,30.40823,36.799999999999955,2684,9.1044,9104.4,,85,0.0,22,2017-10-14 23:04:19,Australia/Melbourne
2017-10-15 10:04:28+11:00,-37.85998173058033,144.9768132995814,30.430419999999998,37.60000000000002,2688,8.935200000000002,8935.2,,84,0.0,22,2017-10-14 23:04:28,Australia/Melbourne
2017-10-15 10:04:29+11:00,-37.85997041501105,144.97683433815837,30.43266,37.799999999999955,2689,8.967600000000001,8967.6,,84,0.5,22,2017-10-14 23:04:29,Australia/Melbourne
2017-10-15 10:04:37+11:00,-37.859832029789686,144.97699812054634,30.45381,38.60000000000002,2693,9.0684,9068.4,,84,0.0,22,2017-10-14 23:04:37,Australia/Melbourne
2017-10-15 10:04:38+11:00,-37.859819205477834,144.97702175751328,30.45633,38.799999999999955,2694,9.036,9036.0,,84,0.0,22,2017-10-14 23:04:38,Australia/Melbourne
2017-10-15 10:04:46+11:00,-37.8597123362124,144.97721822932363,30.47729,39.39999999999998,2697,9.0684,9068.4,,83,0.0,22,2017-10-14 23:04:46,Australia/Melbourne
2017-10-15 10:04:50+11:00,-37.85966363735497,144.97732107527554,30.487830000000002,39.799999999999955,2699,9.2052,9205.2,,84,0.0,22,2017-10-14 23:04:50,Australia/Melbourne
2017-10-15 10:04:59+11:00,-37.85955609753728,144.97752215713263,30.50918,40.60000000000002,2703,9.1044,9104.4,,83,0.0,22,2017-10-14 23:04:59,Australia/Melbourne
2017-10-15 10:05:01+11:00,-37.85952860489488,144.9775646533817,30.51401,40.799999999999955,2704,9.1044,9104.4,,85,0.5,22,2017-10-14 23:05:01,Australia/Melbourne
2017-10-15 10:05:09+11:00,-37.85942994989455,144.97775978408754,30.5344,41.60000000000002,2708,9.270000000000001,9270.0,,84,0.0,22,2017-10-14 23:05:09,Australia/Melbourne
2017-10-15 10:05:12+11:00,-37.859387788921595,144.9778275936842,30.542,41.799999999999955,2709,9.306000000000001,9306.0,,85,0.5,22,2017-10-14 23:05:12,Australia/Melbourne
2017-10-15 10:05:21+11:00,-37.85924286581576,144.97800109907985,30.564169999999997,42.200000000000045,2711,9.270000000000001,9270.0,,84,0.0,22,2017-10-14 23:05:21,Australia/Melbourne
2017-10-15 10:05:29+11:00,-37.85913876257837,144.9781989119947,30.58525,42.39999999999998,2712,9.270000000000001,9270.0,,85,0.5,22,2017-10-14 23:05:29,Australia/Melbourne
2017-10-15 10:05:37+11:00,-37.8590265288949,144.97839932329953,30.606930000000002,42.60000000000002,2713,9.4068,9406.800000000001,,86,0.5,23,2017-10-14 23:05:37,Australia/Melbourne
2017-10-15 10:05:45+11:00,-37.85892535932362,144.97857215814292,30.62591,43.0,2715,9.2376,9237.6,,84,0.5,23,2017-10-14 23:05:45,Australia/Melbourne
2017-10-15 10:05:53+11:00,-37.85883391276002,144.97877634130418,30.64652,43.60000000000002,2718,9.270000000000001,9270.0,,85,0.5,23,2017-10-14 23:05:53,Australia/Melbourne
2017-10-15 10:06:01+11:00,-37.85872871987522,144.97897440567613,30.66755,43.799999999999955,2719,9.370800000000001,9370.800000000001,,84,0.5,23,2017-10-14 23:06:01,Australia/Melbourne
2017-10-15 10:06:09+11:00,-37.85861933603883,144.9791659321636,30.68836,43.799999999999955,2719,9.471599999999999,9471.6,,85,0.5,23,2017-10-14 23:06:09,Australia/Melbourne
2017-10-15 10:06:17+11:00,-37.85850995220244,144.97935108840466,30.70879,43.799999999999955,2719,9.4392,9439.2,,85,0.5,23,2017-10-14 23:06:17,Australia/Melbourne
2017-10-15 10:06:18+11:00,-37.85850249230862,144.9793779104948,30.711299999999998,44.0,2720,9.4068,9406.800000000001,,85,0.5,23,2017-10-14 23:06:18,Australia/Melbourne
2017-10-15 10:06:33+11:00,-37.8584065195173,144.9795848596841,30.732419999999998,44.39999999999998,2722,4.7376000000000005,4737.6,,51,0.0,23,2017-10-14 23:06:33,Australia/Melbourne
2017-10-15 10:06:40+11:00,-37.858342565596104,144.97965836897492,30.741970000000002,44.39999999999998,2722,4.7016,4701.6,,53,0.0,23,2017-10-14 23:06:40,Australia/Melbourne
2017-10-15 10:06:48+11:00,-37.85829596221447,144.97972785495222,30.74994,44.200000000000045,2721,3.6936,3693.6,,59,0.0,23,2017-10-14 23:06:48,Australia/Melbourne
2017-10-15 10:06:50+11:00,-37.858287412673235,144.97973933815956,30.75117,44.39999999999998,2722,3.4596,3459.6,,59,0.0,23,2017-10-14 23:06:50,Australia/Melbourne
2017-10-15 10:06:52+11:00,-37.85826754756272,144.97975124046206,30.75352,44.39999999999998,2722,3.3912,3391.2000000000003,,0,0.0,23,2017-10-14 23:06:52,Australia/Melbourne
2017-10-15 10:06:56+11:00,-37.8582495264709,144.9797875341028,30.757369999999998,44.39999999999998,2722,3.492,3492.0,,0,0.0,23,2017-10-14 23:06:56,Australia/Melbourne
2017-10-15 10:07:07+11:00,-37.858163360506296,144.97987571172416,30.769689999999997,44.39999999999998,2722,3.6936,3693.6,,0,0.0,23,2017-10-14 23:07:07,Australia/Melbourne
2017-10-15 10:07:11+11:00,-37.85816059447825,144.97991586104035,30.773259999999997,44.39999999999998,2722,3.4596,3459.6,,0,0.0,23,2017-10-14 23:07:11,Australia/Melbourne
2017-10-15 10:07:21+11:00,-37.85812044516206,144.97998157516122,30.78105,44.39999999999998,2722,4.5,4500.0,,59,0.0,24,2017-10-14 23:07:21,Australia/Melbourne
2017-10-15 10:07:35+11:00,-37.85799153149128,144.9801472015679,30.80133,44.60000000000002,2723,5.1048,5104.8,,0,0.0,24,2017-10-14 23:07:35,Australia/Melbourne
2017-10-15 10:07:50+11:00,-37.85789396613836,144.98033839277923,30.82135,44.60000000000002,2723,5.04,5040.0,,54,0.0,24,2017-10-14 23:07:50,Australia/Melbourne
2017-10-15 10:08:00+11:00,-37.85784493200481,144.98044341802597,30.83209,44.60000000000002,2723,4.3344,4334.400000000001,,54,0.5,24,2017-10-14 23:08:00,Australia/Melbourne
2017-10-15 10:08:11+11:00,-37.85776832140982,144.98062069527805,30.84977,44.39999999999998,2722,4.4352,4435.2,,54,0.0,24,2017-10-14 23:08:11,Australia/Melbourne
2017-10-15 10:08:22+11:00,-37.85768869332969,144.98073250986636,30.86279,44.200000000000045,2721,4.3992,4399.2,,54,0.5,24,2017-10-14 23:08:22,Australia/Melbourne
2017-10-15 10:08:26+11:00,-37.85766656510532,144.98076821677387,30.86672,44.200000000000045,2721,3.5928,3592.8,,54,0.5,24,2017-10-14 23:08:26,Australia/Melbourne
2017-10-15 10:08:29+11:00,-37.857638485729694,144.98083133250475,30.87307,44.200000000000045,2721,6.3144,6314.400000000001,,54,0.5,24,2017-10-14 23:08:29,Australia/Melbourne
2017-10-15 10:08:45+11:00,-37.85752046853304,144.98101372271776,30.89351,44.0,2720,4.266,4266.0,,56,0.0,24,2017-10-14 23:08:45,Australia/Melbourne
2017-10-15 10:09:02+11:00,-37.857417119666934,144.98120105825365,30.91367,44.200000000000045,2721,3.9960000000000004,3996.0,,52,0.0,25,2017-10-14 23:09:02,Australia/Melbourne
2017-10-15 10:09:09+11:00,-37.85736515186727,144.98129468411207,30.92377,44.200000000000045,2721,4.5,4500.0,,53,0.5,25,2017-10-14 23:09:09,Australia/Melbourne
2017-10-15 10:09:11+11:00,-37.85734059289098,144.9813246075064,30.927419999999998,44.0,2720,4.6008000000000004,4600.8,,52,0.5,25,2017-10-14 23:09:11,Australia/Melbourne
2017-10-15 10:09:13+11:00,-37.857321901246905,144.9813489150256,30.930310000000002,44.200000000000045,2721,4.6692,4669.2,,56,0.0,25,2017-10-14 23:09:13,Australia/Melbourne
2017-10-15 10:09:28+11:00,-37.85718929953873,144.98151496052742,30.95098,44.39999999999998,2722,4.8024000000000004,4802.400000000001,,55,0.0,25,2017-10-14 23:09:28,Australia/Melbourne
2017-10-15 10:09:36+11:00,-37.85713121294975,144.98163104988635,30.96309,44.200000000000045,2721,5.04,5040.0,,56,0.0,25,2017-10-14 23:09:36,Australia/Melbourne
2017-10-15 10:09:52+11:00,-37.85701738670468,144.98182291164994,30.984209999999997,44.0,2720,5.04,5040.0,,53,0.0,25,2017-10-14 23:09:52,Australia/Melbourne
2017-10-15 10:10:03+11:00,-37.856939267367125,144.98197286389768,31.00002,44.0,2720,5.1732000000000005,5173.2,,54,0.5,25,2017-10-14 23:10:03,Australia/Melbourne
2017-10-15 10:10:17+11:00,-37.85681881941855,144.98217252083123,31.0217,44.200000000000045,2721,5.4432,5443.2,,56,0.0,26,2017-10-14 23:10:17,Australia/Melbourne
2017-10-15 10:10:32+11:00,-37.856699880212545,144.98235407285392,31.04225,44.39999999999998,2722,5.2416,5241.6,,53,0.5,26,2017-10-14 23:10:32,Australia/Melbourne
2017-10-15 10:10:36+11:00,-37.85666232928634,144.98240143060684,31.04817,44.200000000000045,2721,5.274,5274.0,,53,0.5,26,2017-10-14 23:10:36,Australia/Melbourne
2017-10-15 10:10:45+11:00,-37.856539618223906,144.9824644625187,31.062849999999997,44.60000000000002,2723,5.4756,5475.6,,59,0.0,26,2017-10-14 23:10:45,Australia/Melbourne
2017-10-15 10:10:58+11:00,-37.856347085908055,144.9825017619878,31.084419999999998,44.200000000000045,2721,5.8788,5878.8,,0,0.0,26,2017-10-14 23:10:58,Australia/Melbourne
2017-10-15 10:11:12+11:00,-37.85616033710539,144.98248256742954,31.10521,43.60000000000002,2718,5.7780000000000005,5778.0,,59,0.0,26,2017-10-14 23:11:12,Australia/Melbourne
2017-10-15 10:11:26+11:00,-37.8559753485024,144.98245054855943,31.12591,43.39999999999998,2717,5.2416,5241.6,,55,0.5,26,2017-10-14 23:11:26,Australia/Melbourne
2017-10-15 10:11:34+11:00,-37.85579237155616,144.9823970720172,31.14677,42.799999999999955,2714,10.0764,10076.4,,84,0.5,26,2017-10-14 23:11:34,Australia/Melbourne
2017-10-15 10:11:42+11:00,-37.85560084506869,144.98232197016478,31.169040000000003,42.0,2710,10.011600000000001,10011.6,,85,0.5,26,2017-10-14 23:11:42,Australia/Melbourne
2017-10-15 10:11:49+11:00,-37.855439241975546,144.9822847545147,31.18732,41.60000000000002,2708,9.8424,9842.4,,85,0.5,25,2017-10-14 23:11:49,Australia/Melbourne
2017-10-15 10:11:58+11:00,-37.85524578765035,144.9822208005935,31.20959,40.799999999999955,2704,9.6732,9673.2,,87,0.5,25,2017-10-14 23:11:58,Australia/Melbourne
2017-10-15 10:12:02+11:00,-37.85515668801963,144.98217528685927,31.22024,40.60000000000002,2703,9.6084,9608.4,,86,0.5,25,2017-10-14 23:12:02,Australia/Melbourne
2017-10-15 10:12:08+11:00,-37.85499072633684,144.98208618722856,31.240470000000002,40.60000000000002,2703,9.7416,9741.6,,85,0.5,25,2017-10-14 23:12:08,Australia/Melbourne
2017-10-15 10:12:10+11:00,-37.85490774549544,144.982047714293,31.25028,40.60000000000002,2703,9.8748,9874.800000000001,,86,0.5,25,2017-10-14 23:12:10,Australia/Melbourne
2017-10-15 10:12:15+11:00,-37.854731641709805,144.98200337402523,31.270319999999998,40.39999999999998,2702,10.3788,10378.800000000001,,87,0.5,25,2017-10-14 23:12:15,Australia/Melbourne
2017-10-15 10:12:24+11:00,-37.854533744975924,144.98202064074576,31.2923,39.799999999999955,2699,9.709200000000001,9709.2,,87,0.5,25,2017-10-14 23:12:24,Australia/Melbourne
2017-10-15 10:12:29+11:00,-37.85444690845907,144.98195484280586,31.3034,39.60000000000002,2698,9.1368,9136.800000000001,,86,0.5,25,2017-10-14 23:12:29,Australia/Melbourne
2017-10-15 10:12:40+11:00,-37.854252783581614,144.9819163698703,31.32567,39.0,2695,8.3628,8362.800000000001,,87,0.5,24,2017-10-14 23:12:40,Australia/Melbourne
2017-10-15 10:12:45+11:00,-37.85414323210716,144.98189684003592,31.337970000000002,38.60000000000002,2693,8.3628,8362.800000000001,,87,0.5,24,2017-10-14 23:12:45,Australia/Melbourne
2017-10-15 10:12:55+11:00,-37.85396662540734,144.9818027112633,31.359419999999997,38.799999999999955,2694,7.8588,7858.8,,87,0.5,24,2017-10-14 23:12:55,Australia/Melbourne
2017-10-15 10:13:04+11:00,-37.85378498956561,144.98171964660287,31.38089,38.0,2690,7.9272,7927.2,,86,0.0,24,2017-10-14 23:13:04,Australia/Melbourne
2017-10-15 10:13:12+11:00,-37.853604443371296,144.9816494062543,31.40193,38.0,2690,8.1612,8161.2,,86,0.5,24,2017-10-14 23:13:12,Australia/Melbourne
2017-10-15 10:13:19+11:00,-37.853425992652774,144.9815801717341,31.42266,37.60000000000002,2688,8.7012,8701.2,,87,0.5,24,2017-10-14 23:13:19,Australia/Melbourne
2017-10-15 10:13:24+11:00,-37.853289702907205,144.98152191750705,31.43864,37.39999999999998,2687,9.5724,9572.4,,87,0.5,24,2017-10-14 23:13:24,Australia/Melbourne
2017-10-15 10:13:27+11:00,-37.85320454277098,144.98148830607533,31.44854,37.39999999999998,2687,10.177200000000001,10177.2,,88,0.5,24,2017-10-14 23:13:27,Australia/Melbourne
2017-10-15 10:13:34+11:00,-37.853027768433094,144.98143516480923,31.46881,37.799999999999955,2689,10.0764,10076.4,,88,0.5,24,2017-10-14 23:13:34,Australia/Melbourne
2017-10-15 10:13:42+11:00,-37.852848479524255,144.98137808404863,31.489369999999997,37.0,2685,9.5724,9572.4,,89,0.5,24,2017-10-14 23:13:42,Australia/Melbourne
2017-10-15 10:13:51+11:00,-37.8526577912271,144.98128755949438,31.51203,36.799999999999955,2684,9.370800000000001,9370.800000000001,,88,0.5,24,2017-10-14 23:13:51,Australia/Melbourne
2017-10-15 10:13:59+11:00,-37.85247070714831,144.98125336132944,31.533099999999997,37.0,2685,9.2052,9205.2,,88,0.5,24,2017-10-14 23:13:59,Australia/Melbourne
2017-10-15 10:14:07+11:00,-37.852277252823114,144.98117197304964,31.55578,37.39999999999998,2687,9.3384,9338.4,,88,0.5,24,2017-10-14 23:14:07,Australia/Melbourne
2017-10-15 10:14:14+11:00,-37.85209880210459,144.98114288784564,31.5759,37.200000000000045,2686,9.370800000000001,9370.800000000001,,87,0.5,24,2017-10-14 23:14:14,Australia/Melbourne
2017-10-15 10:14:21+11:00,-37.85191833972931,144.9810703843832,31.59689,36.799999999999955,2684,9.5724,9572.4,,88,0.0,24,2017-10-14 23:14:21,Australia/Melbourne
2017-10-15 10:14:29+11:00,-37.851739805191755,144.98099863529205,31.61797,37.39999999999998,2687,9.6084,9608.4,,87,0.5,23,2017-10-14 23:14:29,Australia/Melbourne
2017-10-15 10:14:37+11:00,-37.851572167128325,144.98090450651944,31.63831,37.39999999999998,2687,9.6084,9608.4,,87,0.5,23,2017-10-14 23:14:37,Australia/Melbourne
2017-10-15 10:14:45+11:00,-37.85137980245054,144.98083217069507,31.66077,37.0,2685,9.5724,9572.4,,87,0.5,23,2017-10-14 23:14:45,Australia/Melbourne
2017-10-15 10:14:53+11:00,-37.85118928179145,144.98076863586903,31.68273,37.200000000000045,2686,9.6408,9640.800000000001,,86,0.5,23,2017-10-14 23:14:53,Australia/Melbourne
2017-10-15 10:15:01+11:00,-37.851001443341374,144.9807313363999,31.704,37.60000000000002,2688,9.709200000000001,9709.2,,88,0.5,23,2017-10-14 23:15:01,Australia/Melbourne
2017-10-15 10:15:08+11:00,-37.85082248970866,144.98068448156118,31.72438,37.39999999999998,2687,9.774,9774.0,,87,0.5,23,2017-10-14 23:15:08,Australia/Melbourne
2017-10-15 10:15:16+11:00,-37.85063850693405,144.9806855712086,31.74485,37.60000000000002,2688,9.7416,9741.6,,87,0.5,23,2017-10-14 23:15:16,Australia/Melbourne
2017-10-15 10:15:26+11:00,-37.850459553301334,144.98058180324733,31.76653,37.60000000000002,2688,9.306000000000001,9306.0,,87,0.5,23,2017-10-14 23:15:26,Australia/Melbourne
2017-10-15 10:15:34+11:00,-37.85028202459216,144.98045783489943,31.78893,38.200000000000045,2691,9.6732,9673.2,,85,0.5,23,2017-10-14 23:15:34,Australia/Melbourne
2017-10-15 10:15:43+11:00,-37.85010851919651,144.98037694953382,31.80951,38.0,2690,9.4392,9439.2,,86,0.5,23,2017-10-14 23:15:43,Australia/Melbourne
2017-10-15 10:15:51+11:00,-37.849954878911376,144.98032104223967,31.827669999999998,38.200000000000045,2691,9.1368,9136.800000000001,,86,0.5,23,2017-10-14 23:15:51,Australia/Melbourne
2017-10-15 10:15:58+11:00,-37.84981590695679,144.9802542384714,31.84416,38.60000000000002,2693,9.036,9036.0,,85,0.5,23,2017-10-14 23:15:58,Australia/Melbourne
2017-10-15 10:16:06+11:00,-37.84963368438184,144.98024879023433,31.86445,38.799999999999955,2694,8.967600000000001,8967.6,,86,0.5,23,2017-10-14 23:16:06,Australia/Melbourne
2017-10-15 10:16:13+11:00,-37.849453473463655,144.9801829084754,31.88652,38.799999999999955,2694,9.4392,9439.2,,85,0.5,23,2017-10-14 23:16:13,Australia/Melbourne
2017-10-15 10:16:21+11:00,-37.849269323050976,144.98014468699694,31.90732,38.799999999999955,2694,9.5076,9507.6,,87,0.5,23,2017-10-14 23:16:21,Australia/Melbourne
2017-10-15 10:16:29+11:00,-37.84908726811409,144.98004779219627,31.92946,39.200000000000045,2696,9.6408,9640.800000000001,,85,0.5,23,2017-10-14 23:16:29,Australia/Melbourne
2017-10-15 10:16:36+11:00,-37.848904291167855,144.97997470200062,31.95101,39.200000000000045,2696,9.8424,9842.4,,86,0.5,23,2017-10-14 23:16:36,Australia/Melbourne
2017-10-15 10:16:38+11:00,-37.84885081462562,144.97995357960463,31.957259999999998,39.60000000000002,2698,9.943200000000001,9943.2,,86,0.5,23,2017-10-14 23:16:38,Australia/Melbourne
2017-10-15 10:16:46+11:00,-37.84867286682129,144.97983003035188,31.979599999999998,39.39999999999998,2697,9.943200000000001,9943.2,,86,0.5,23,2017-10-14 23:16:46,Australia/Melbourne
2017-10-15 10:16:55+11:00,-37.84849986433983,144.979793317616,32.00089,39.60000000000002,2698,9.8424,9842.4,,87,0.5,23,2017-10-14 23:16:55,Australia/Melbourne
2017-10-15 10:17:03+11:00,-37.848309678956866,144.97972785495222,32.02261,39.39999999999998,2697,9.6084,9608.4,,86,0.5,23,2017-10-14 23:17:03,Australia/Melbourne
2017-10-15 10:17:10+11:00,-37.84813198260963,144.9796231649816,32.04427,39.799999999999955,2699,10.112400000000001,10112.4,,87,0.5,23,2017-10-14 23:17:10,Australia/Melbourne
2017-10-15 10:17:18+11:00,-37.84795613028109,144.97954772785306,32.06512,39.799999999999955,2699,10.112400000000001,10112.4,,86,0.5,23,2017-10-14 23:17:18,Australia/Melbourne
2017-10-15 10:17:25+11:00,-37.84778212197125,144.9794870428741,32.08523,39.60000000000002,2698,10.245600000000001,10245.6,,86,0.5,22,2017-10-14 23:17:25,Australia/Melbourne
2017-10-15 10:17:34+11:00,-37.847600067034364,144.97943423688412,32.10611,39.60000000000002,2698,10.0764,10076.4,,86,0.5,22,2017-10-14 23:17:34,Australia/Melbourne
2017-10-15 10:17:43+11:00,-37.847405187785625,144.9793630745262,32.12868,40.0,2700,9.774,9774.0,,87,0.5,22,2017-10-14 23:17:43,Australia/Melbourne
2017-10-15 10:17:50+11:00,-37.84722690470517,144.97930306009948,32.14922,40.0,2700,10.112400000000001,10112.4,,86,0.5,22,2017-10-14 23:17:50,Australia/Melbourne
2017-10-15 10:17:56+11:00,-37.84705834463239,144.9794051516801,32.172689999999996,40.0,2700,9.7416,9741.6,,87,0.5,22,2017-10-14 23:17:56,Australia/Melbourne
2017-10-15 10:18:02+11:00,-37.846900345757604,144.97934681363404,32.19719,40.200000000000045,2701,9.8424,9842.4,,87,0.5,22,2017-10-14 23:18:02,Australia/Melbourne
2017-10-15 10:18:09+11:00,-37.84674184396863,144.97917724773288,32.21954,40.0,2700,9.4392,9439.2,,87,0.5,22,2017-10-14 23:18:09,Australia/Melbourne
2017-10-15 10:18:18+11:00,-37.846560794860125,144.97910683974624,32.240790000000004,40.0,2700,8.967600000000001,8967.6,,87,0.5,22,2017-10-14 23:18:18,Australia/Melbourne
2017-10-15 10:18:26+11:00,-37.84638033248484,144.97905721887946,32.2632,39.799999999999955,2699,8.802,8802.0,,86,0.5,22,2017-10-14 23:18:26,Australia/Melbourne
2017-10-15 10:18:35+11:00,-37.846210012212396,144.97896107845008,32.28423,39.799999999999955,2699,8.802,8802.0,,87,0.5,22,2017-10-14 23:18:35,Australia/Melbourne
2017-10-15 10:18:43+11:00,-37.8460197430104,144.97886795550585,32.30686,39.60000000000002,2698,9.306000000000001,9306.0,,86,0.5,22,2017-10-14 23:18:43,Australia/Melbourne
2017-10-15 10:18:52+11:00,-37.845846908167005,144.97878916561604,32.327349999999996,39.799999999999955,2699,9.2052,9205.2,,87,0.5,22,2017-10-14 23:18:52,Australia/Melbourne
2017-10-15 10:19:00+11:00,-37.84566476941109,144.97873560525477,32.34811,39.200000000000045,2696,9.2376,9237.6,,87,0.5,22,2017-10-14 23:19:00,Australia/Melbourne
2017-10-15 10:19:08+11:00,-37.84548078663647,144.9786783568561,32.369150000000005,39.200000000000045,2696,9.3384,9338.4,,86,0.5,22,2017-10-14 23:19:08,Australia/Melbourne
2017-10-15 10:19:17+11:00,-37.84529839642346,144.97859369963408,32.39074,39.200000000000045,2696,9.2376,9237.6,,86,0.5,22,2017-10-14 23:19:17,Australia/Melbourne
2017-10-15 10:19:23+11:00,-37.845172584056854,144.97855740599334,32.40509,39.200000000000045,2696,9.1692,9169.2,,86,0.5,22,2017-10-14 23:19:23,Australia/Melbourne
2017-10-15 10:19:31+11:00,-37.8449803031981,144.97850091196597,32.42705,39.0,2695,9.270000000000001,9270.0,,88,0.5,22,2017-10-14 23:19:31,Australia/Melbourne
2017-10-15 10:19:39+11:00,-37.84479036927223,144.9784476030618,32.44871,38.60000000000002,2693,9.5076,9507.6,,87,0.5,22,2017-10-14 23:19:39,Australia/Melbourne
2017-10-15 10:19:47+11:00,-37.84460462629795,144.9783746805042,32.47031,38.799999999999955,2694,9.54,9540.0,,87,0.5,22,2017-10-14 23:19:47,Australia/Melbourne
2017-10-15 10:19:55+11:00,-37.84442977979779,144.9783062003553,32.49066,38.60000000000002,2693,9.54,9540.0,,86,0.5,22,2017-10-14 23:19:55,Australia/Melbourne
2017-10-15 10:20:00+11:00,-37.84432760439813,144.97826018370688,32.50271,38.60000000000002,2693,9.5076,9507.6,,87,0.5,22,2017-10-14 23:20:00,Australia/Melbourne
2017-10-15 10:20:08+11:00,-37.844146555289626,144.9781938828528,32.523669999999996,38.799999999999955,2694,9.4068,9406.800000000001,,86,0.5,22,2017-10-14 23:20:08,Australia/Melbourne
2017-10-15 10:20:15+11:00,-37.84395603463054,144.97815842740238,32.5451,38.200000000000045,2691,9.6408,9640.800000000001,,87,0.5,22,2017-10-14 23:20:15,Australia/Melbourne
2017-10-15 10:20:22+11:00,-37.843793174251914,144.978046445176,32.56561,38.60000000000002,2693,10.177200000000001,10177.2,,87,0.5,22,2017-10-14 23:20:22,Australia/Melbourne
2017-10-15 10:20:32+11:00,-37.84360533580184,144.97796430252492,32.58773,38.60000000000002,2693,9.1368,9136.800000000001,,86,0.0,22,2017-10-14 23:20:32,Australia/Melbourne
2017-10-15 10:20:39+11:00,-37.84341280348599,144.97793270274997,32.60932,38.200000000000045,2691,9.774,9774.0,,86,0.5,22,2017-10-14 23:20:39,Australia/Melbourne
2017-10-15 10:20:46+11:00,-37.8432103805244,144.97790747322142,32.63187,38.200000000000045,2691,10.044,10044.0,,87,0.5,22,2017-10-14 23:20:46,Australia/Melbourne
2017-10-15 10:20:53+11:00,-37.843001168221235,144.97789070941508,32.65522,38.799999999999955,2694,10.2132,10213.2,,87,0.5,22,2017-10-14 23:20:53,Australia/Melbourne
2017-10-15 10:21:00+11:00,-37.842836463823915,144.97779339551926,32.67648,38.60000000000002,2693,10.4148,10414.800000000001,,87,0.5,22,2017-10-14 23:21:00,Australia/Melbourne
2017-10-15 10:21:08+11:00,-37.84266723319888,144.9777010269463,32.6969,38.200000000000045,2691,9.9108,9910.800000000001,,86,0.5,22,2017-10-14 23:21:08,Australia/Melbourne
2017-10-15 10:21:16+11:00,-37.84250068478286,144.9775878712535,32.71789,38.39999999999998,2692,9.54,9540.0,,86,0.5,22,2017-10-14 23:21:16,Australia/Melbourne
2017-10-15 10:21:24+11:00,-37.84231913276017,144.97751570306718,32.73904,38.200000000000045,2691,9.54,9540.0,,86,0.5,22,2017-10-14 23:21:24,Australia/Melbourne
2017-10-15 10:21:32+11:00,-37.84213841892779,144.97747262008488,32.75947,38.39999999999998,2692,9.4392,9439.2,,88,0.5,22,2017-10-14 23:21:32,Australia/Melbourne
2017-10-15 10:21:40+11:00,-37.84196977503598,144.9773822631687,32.7798,38.39999999999998,2692,9.3384,9338.4,,87,0.5,22,2017-10-14 23:21:40,Australia/Melbourne
2017-10-15 10:21:47+11:00,-37.841792749240994,144.97732325457036,32.80012,38.200000000000045,2691,9.5724,9572.4,,86,0.5,22,2017-10-14 23:21:47,Australia/Melbourne
2017-10-15 10:21:56+11:00,-37.84161874093115,144.97726449742913,32.82032,38.0,2690,9.3384,9338.4,,85,0.5,22,2017-10-14 23:21:56,Australia/Melbourne
2017-10-15 10:22:03+11:00,-37.84143794327974,144.97717757709324,32.841699999999996,37.799999999999955,2689,9.4068,9406.800000000001,,84,0.5,22,2017-10-14 23:22:03,Australia/Melbourne
2017-10-15 10:22:09+11:00,-37.8413313254714,144.97716701589525,32.85483,38.200000000000045,2691,5.5764,5576.400000000001,,85,0.0,22,2017-10-14 23:22:09,Australia/Melbourne
2017-10-15 10:22:11+11:00,-37.841338366270065,144.9771933350712,32.85512,38.200000000000045,2691,5.5764,5576.400000000001,,85,0.0,22,2017-10-14 23:22:11,Australia/Melbourne
2017-10-15 10:22:13+11:00,-37.841325122863054,144.97719157487154,32.856629999999996,38.0,2690,3.7296,3729.6,,85,0.0,22,2017-10-14 23:22:13,Australia/Melbourne
2017-10-15 10:22:18+11:00,-37.841252367943525,144.97715888544917,32.865300000000005,37.60000000000002,2688,8.1972,8197.2,,85,0.0,22,2017-10-14 23:22:18,Australia/Melbourne
2017-10-15 10:22:19+11:00,-37.84123443067074,144.97715427540243,32.86732,37.39999999999998,2687,8.262,8262.0,,85,0.0,22,2017-10-14 23:22:19,Australia/Melbourne
2017-10-15 10:22:29+11:00,-37.84105564467609,144.97708118520677,32.88838,37.200000000000045,2686,7.9956000000000005,7995.6,,85,0.5,22,2017-10-14 23:22:29,Australia/Melbourne
2017-10-15 10:22:38+11:00,-37.84087669104338,144.97700817883015,32.90941,37.0,2685,8.1612,8161.2,,84,0.5,22,2017-10-14 23:22:38,Australia/Melbourne
2017-10-15 10:22:45+11:00,-37.840700251981616,144.97691706754267,32.930519999999994,36.799999999999955,2684,8.935200000000002,8935.2,,85,0.5,22,2017-10-14 23:22:45,Australia/Melbourne
2017-10-15 10:22:51+11:00,-37.840533033013344,144.97684070840478,32.95059,37.0,2685,9.774,9774.0,,85,0.5,22,2017-10-14 23:22:51,Australia/Melbourne
2017-10-15 10:22:57+11:00,-37.84033823758364,144.97677826322615,32.97313,36.60000000000002,2683,10.580400000000001,10580.4,,84,0.5,22,2017-10-14 23:22:57,Australia/Melbourne
2017-10-15 10:23:05+11:00,-37.84016573801637,144.97665848582983,32.994870000000006,36.39999999999998,2682,9.9756,9975.6,,85,0.5,22,2017-10-14 23:23:05,Australia/Melbourne
2017-10-15 10:23:08+11:00,-37.84010823816061,144.97663761489093,33.001580000000004,36.60000000000002,2683,9.270000000000001,9270.0,,84,0.5,22,2017-10-14 23:23:08,Australia/Melbourne
2017-10-15 10:23:11+11:00,-37.84005970694125,144.97662504203618,33.00711,36.200000000000045,2681,8.9028,8902.800000000001,,85,0.5,22,2017-10-14 23:23:11,Australia/Melbourne
2017-10-15 10:23:21+11:00,-37.83994780853391,144.97664297930896,33.01925,36.39999999999998,2682,6.1488,6148.8,,85,0.5,22,2017-10-14 23:23:21,Australia/Melbourne
2017-10-15 10:23:29+11:00,-37.83981654793024,144.97663350775838,33.033879999999996,36.60000000000002,2683,6.4152000000000005,6415.2,,85,0.5,22,2017-10-14 23:23:29,Australia/Melbourne
2017-10-15 10:23:32+11:00,-37.83976583741605,144.97661791741848,33.039919999999995,36.60000000000002,2683,6.8508000000000004,6850.8,,85,0.5,22,2017-10-14 23:23:32,Australia/Melbourne
2017-10-15 10:23:40+11:00,-37.83960247412324,144.97650358825922,33.06065,36.39999999999998,2682,7.6572,7657.2,,84,0.5,22,2017-10-14 23:23:40,Australia/Melbourne
2017-10-15 10:23:44+11:00,-37.83949300646782,144.97647534124553,33.07314,36.200000000000045,2681,8.1612,8161.2,,85,0.5,22,2017-10-14 23:23:44,Australia/Melbourne
2017-10-15 10:23:50+11:00,-37.83931531012058,144.97641532681882,33.09358,36.39999999999998,2682,9.4068,9406.800000000001,,84,0.5,22,2017-10-14 23:23:50,Australia/Melbourne
2017-10-15 10:23:56+11:00,-37.839107271283865,144.97634240426123,33.11756,36.200000000000045,2681,11.79,11790.0,,84,0.5,22,2017-10-14 23:23:56,Australia/Melbourne
2017-10-15 10:24:05+11:00,-37.8389154933393,144.97629144228995,33.13934,36.0,2680,8.298,8298.0,,84,0.5,22,2017-10-14 23:24:05,Australia/Melbourne
2017-10-15 10:24:17+11:00,-37.83873746171594,144.97626135125756,33.159510000000004,36.799999999999955,2684,7.4232,7423.2,,84,0.0,22,2017-10-14 23:24:17,Australia/Melbourne
2017-10-15 10:24:21+11:00,-37.838659258559346,144.97627903707325,33.16831,37.39999999999998,2687,7.6572,7657.2,,84,0.0,22,2017-10-14 23:24:21,Australia/Melbourne
2017-10-15 10:24:24+11:00,-37.838587928563356,144.9762786179781,33.17644,37.60000000000002,2688,7.8264,7826.400000000001,,84,0.0,22,2017-10-14 23:24:24,Australia/Melbourne
2017-10-15 10:24:30+11:00,-37.8384215477854,144.97615699656308,33.19761,37.60000000000002,2688,9.5724,9572.4,,85,0.5,22,2017-10-14 23:24:30,Australia/Melbourne
2017-10-15 10:24:38+11:00,-37.83823370933533,144.97605473734438,33.220150000000004,38.0,2690,9.270000000000001,9270.0,,84,0.5,22,2017-10-14 23:24:38,Australia/Melbourne
2017-10-15 10:24:45+11:00,-37.83808249980211,144.97592205181718,33.240190000000005,38.0,2690,9.5076,9507.6,,85,0.5,22,2017-10-14 23:24:45,Australia/Melbourne
2017-10-15 10:24:54+11:00,-37.83788871020079,144.97593470849097,33.2626,38.200000000000045,2691,9.1368,9136.800000000001,,84,0.5,22,2017-10-14 23:24:54,Australia/Melbourne
2017-10-15 10:24:56+11:00,-37.83786649815738,144.97590981423855,33.26538,38.39999999999998,2692,8.3628,8362.800000000001,,84,0.5,22,2017-10-14 23:24:56,Australia/Melbourne
2017-10-15 10:25:06+11:00,-37.83767874352634,144.97584854252636,33.28686,38.60000000000002,2693,7.757999999999999,7758.0,,84,0.5,22,2017-10-14 23:25:06,Australia/Melbourne
2017-10-15 10:25:15+11:00,-37.83750138245523,144.97576581314206,33.30787,39.200000000000045,2696,8.1972,8197.2,,85,0.5,22,2017-10-14 23:25:15,Australia/Melbourne
2017-10-15 10:25:20+11:00,-37.83739149570465,144.9757809843868,33.32112,39.39999999999998,2697,8.2296,8229.6,,84,0.0,22,2017-10-14 23:25:20,Australia/Melbourne
2017-10-15 10:25:27+11:00,-37.837201561778784,144.97565936297178,33.34461,39.60000000000002,2698,8.8344,8834.4,,84,0.0,22,2017-10-14 23:25:27,Australia/Melbourne
2017-10-15 10:25:34+11:00,-37.83702026121318,144.97558107599616,33.36589,39.60000000000002,2698,9.370800000000001,9370.800000000001,,84,0.5,22,2017-10-14 23:25:34,Australia/Melbourne
2017-10-15 10:25:40+11:00,-37.836837619543076,144.97547009959817,33.38841,39.60000000000002,2698,10.044,10044.0,,86,0.5,22,2017-10-14 23:25:40,Australia/Melbourne
2017-10-15 10:25:47+11:00,-37.83665053546429,144.9754154495895,33.40981,40.0,2700,10.245600000000001,10245.6,,85,0.5,22,2017-10-14 23:25:47,Australia/Melbourne
2017-10-15 10:25:55+11:00,-37.83647233620286,144.975363900885,33.43027,40.200000000000045,2701,9.6408,9640.800000000001,,85,0.0,22,2017-10-14 23:25:55,Australia/Melbourne
2017-10-15 10:26:04+11:00,-37.836296651512384,144.97529508545995,33.450739999999996,40.0,2700,8.9028,8902.800000000001,,85,0.5,22,2017-10-14 23:26:04,Australia/Melbourne
2017-10-15 10:26:13+11:00,-37.83610797487199,144.9752347357571,33.472339999999996,39.799999999999955,2699,9.0036,9003.6,,84,0.5,22,2017-10-14 23:26:13,Australia/Melbourne
2017-10-15 10:26:23+11:00,-37.835908150300384,144.97518989257514,33.49492,40.39999999999998,2702,8.8344,8834.4,,84,0.5,22,2017-10-14 23:26:23,Australia/Melbourne
2017-10-15 10:26:25+11:00,-37.835863307118416,144.97517145238817,33.500150000000005,40.60000000000002,2703,8.8344,8834.4,,85,0.5,22,2017-10-14 23:26:25,Australia/Melbourne
2017-10-15 10:26:32+11:00,-37.83576289191842,144.97513515874743,33.51176,41.0,2705,8.499600000000001,8499.6,,84,0.5,22,2017-10-14 23:26:32,Australia/Melbourne
2017-10-15 10:26:36+11:00,-37.83569826744497,144.9751245137304,33.51897,41.0,2705,8.2296,8229.6,,84,0.5,22,2017-10-14 23:26:36,Australia/Melbourne
2017-10-15 10:26:47+11:00,-37.83551420085132,144.97503189370036,33.54071,41.200000000000045,2706,7.9956000000000005,7995.6,,85,0.5,22,2017-10-14 23:26:47,Australia/Melbourne
2017-10-15 10:26:50+11:00,-37.8354634065181,144.97499668970704,33.5471,41.200000000000045,2706,7.9956000000000005,7995.6,,85,0.5,22,2017-10-14 23:26:50,Australia/Melbourne
2017-10-15 10:26:55+11:00,-37.83539014868438,144.97498554177582,33.554339999999996,41.39999999999998,2707,7.29,7290.0,,84,0.5,22,2017-10-14 23:26:55,Australia/Melbourne
2017-10-15 10:26:57+11:00,-37.8353701159358,144.9749826081097,33.55608,41.39999999999998,2707,7.02,7020.0,,85,0.5,22,2017-10-14 23:26:57,Australia/Melbourne
2017-10-15 10:27:00+11:00,-37.83533105626702,144.97492058202624,33.562239999999996,41.39999999999998,2707,6.8184,6818.400000000001,,85,0.5,22,2017-10-14 23:27:00,Australia/Melbourne
2017-10-15 10:27:04+11:00,-37.83527581952512,144.97485294006765,33.5698,41.60000000000002,2708,6.4152000000000005,6415.2,,85,0.5,22,2017-10-14 23:27:04,Australia/Melbourne
2017-10-15 10:27:08+11:00,-37.835223097354174,144.97484791092575,33.57656,41.60000000000002,2708,5.8788,5878.8,,85,0.5,22,2017-10-14 23:27:08,Australia/Melbourne
2017-10-15 10:27:10+11:00,-37.83519057556987,144.97484782710671,33.58015,41.60000000000002,2708,6.0804,6080.400000000001,,84,0.5,22,2017-10-14 23:27:10,Australia/Melbourne
2017-10-15 10:27:17+11:00,-37.83499133773148,144.97483131475747,33.60235,41.799999999999955,2709,7.9272,7927.2,,86,0.5,22,2017-10-14 23:27:17,Australia/Melbourne
2017-10-15 10:27:22+11:00,-37.83485638909042,144.97462771832943,33.62586,41.60000000000002,2708,8.564400000000001,8564.4,,85,0.5,22,2017-10-14 23:27:22,Australia/Melbourne
2017-10-15 10:27:26+11:00,-37.8347210213542,144.97446318157017,33.64656,41.39999999999998,2707,8.9028,8902.800000000001,,85,0.5,22,2017-10-14 23:27:26,Australia/Melbourne
2017-10-15 10:27:34+11:00,-37.83457693643868,144.97431029565632,33.66749,41.0,2705,9.0684,9068.4,,85,0.5,22,2017-10-14 23:27:34,Australia/Melbourne
2017-10-15 10:27:43+11:00,-37.8344411496073,144.97414248995483,33.68881,41.0,2705,8.532,8532.0,,85,0.5,22,2017-10-14 23:27:43,Australia/Melbourne
2017-10-15 10:27:47+11:00,-37.83437652513385,144.9740470200777,33.699690000000004,40.799999999999955,2704,8.733600000000001,8733.6,,85,0.5,22,2017-10-14 23:27:47,Australia/Melbourne
2017-10-15 10:27:53+11:00,-37.83428088761866,144.97393000870943,33.71444,40.60000000000002,2703,8.564400000000001,8564.4,,86,0.5,22,2017-10-14 23:27:53,Australia/Melbourne
2017-10-15 10:27:59+11:00,-37.83420570194721,144.9738075491041,33.72825,40.39999999999998,2702,8.4312,8431.2,,85,0.5,22,2017-10-14 23:27:59,Australia/Melbourne
2017-10-15 10:28:03+11:00,-37.83415851183236,144.97373797930777,33.73682,40.200000000000045,2701,8.398800000000001,8398.800000000001,,85,0.5,22,2017-10-14 23:28:03,Australia/Melbourne
2017-10-15 10:28:11+11:00,-37.83407745882869,144.97359355911613,33.75252,40.0,2700,6.9192,6919.2,,64,0.0,22,2017-10-14 23:28:11,Australia/Melbourne
2017-10-15 10:28:24+11:00,-37.833971343934536,144.97338828630745,33.77386,40.0,2700,5.04,5040.0,,55,0.0,22,2017-10-14 23:28:24,Australia/Melbourne
2017-10-15 10:28:39+11:00,-37.83383220434189,144.97321419417858,33.79531,40.0,2700,5.1408,5140.8,,55,0.0,22,2017-10-14 23:28:39,Australia/Melbourne
2017-10-15 10:28:43+11:00,-37.83379758708179,144.97316549532115,33.80136,40.0,2700,5.274,5274.0,,54,0.5,22,2017-10-14 23:28:43,Australia/Melbourne
2017-10-15 10:28:46+11:00,-37.83378643915057,144.973125429824,33.80507,40.0,2700,5.0724,5072.400000000001,,57,0.0,22,2017-10-14 23:28:46,Australia/Melbourne
2017-10-15 10:28:57+11:00,-37.83369155600667,144.97291529551148,33.82653,39.799999999999955,2699,5.6772,5677.2,,59,0.0,22,2017-10-14 23:28:57,Australia/Melbourne
2017-10-15 10:29:07+11:00,-37.83356951549649,144.9727467354387,33.84676,39.799999999999955,2699,6.3144,6314.400000000001,,54,0.0,22,2017-10-14 23:29:07,Australia/Melbourne
2017-10-15 10:29:21+11:00,-37.83343406394124,144.97258437797427,33.86704,39.799999999999955,2699,6.1488,6148.8,,0,0.0,22,2017-10-14 23:29:21,Australia/Melbourne
2017-10-15 10:29:34+11:00,-37.83327078446746,144.97244163416326,33.88783,40.0,2700,5.4072000000000005,5407.2,,54,0.5,22,2017-10-14 23:29:34,Australia/Melbourne
2017-10-15 10:29:35+11:00,-37.83333205617964,144.97247826308012,33.88783,40.0,2700,5.3748000000000005,5374.8,,54,0.5,22,2017-10-14 23:29:35,Australia/Melbourne
2017-10-15 10:29:39+11:00,-37.83336575143039,144.97247675433755,33.88998,40.200000000000045,2701,4.9716000000000005,4971.6,,57,0.0,22,2017-10-14 23:29:39,Australia/Melbourne
2017-10-15 10:29:42+11:00,-37.833368266001344,144.97245982289314,33.89179,40.200000000000045,2701,4.8024000000000004,4802.400000000001,,57,0.0,22,2017-10-14 23:29:42,Australia/Melbourne
2017-10-15 10:29:48+11:00,-37.833313615992665,144.9723809491843,33.900940000000006,40.200000000000045,2701,5.004,5004.0,,56,0.0,22,2017-10-14 23:29:48,Australia/Melbourne
2017-10-15 10:29:56+11:00,-37.8332132846117,144.97229310683906,33.914269999999995,40.200000000000045,2701,5.1048,5104.8,,57,0.5,22,2017-10-14 23:29:56,Australia/Melbourne
2017-10-15 10:30:01+11:00,-37.833171961829066,144.97224281542003,33.92043,40.39999999999998,2702,5.1048,5104.8,,57,0.5,22,2017-10-14 23:30:01,Australia/Melbourne
2017-10-15 10:30:03+11:00,-37.83315268345177,144.97222672216594,33.92292,40.60000000000002,2703,5.0724,5072.400000000001,,57,0.5,22,2017-10-14 23:30:03,Australia/Melbourne
2017-10-15 10:30:07+11:00,-37.833126951009035,144.97219529002905,33.92689,40.799999999999955,2704,4.9392000000000005,4939.2,,54,0.0,22,2017-10-14 23:30:07,Australia/Melbourne
2017-10-15 10:30:10+11:00,-37.833105493336916,144.97215916402638,33.93071,40.60000000000002,2703,4.6692,4669.2,,54,0.0,22,2017-10-14 23:30:10,Australia/Melbourne
2017-10-15 10:30:14+11:00,-37.833045814186335,144.97211046516895,33.93857,40.60000000000002,2703,4.9716000000000005,4971.6,,54,0.0,22,2017-10-14 23:30:14,Australia/Melbourne
2017-10-15 10:30:17+11:00,-37.8329873085022,144.9720680527389,33.943059999999996,40.799999999999955,2704,5.004,5004.0,,51,0.0,22,2017-10-14 23:30:17,Australia/Melbourne
2017-10-15 10:30:24+11:00,-37.83285420387983,144.9719739239663,33.95872,40.799999999999955,2704,6.282000000000001,6282.0,,51,0.0,22,2017-10-14 23:30:24,Australia/Melbourne
2017-10-15 10:30:34+11:00,-37.832682793959975,144.9718418251723,33.980940000000004,40.39999999999998,2702,6.6852,6685.2,,57,0.0,23,2017-10-14 23:30:34,Australia/Melbourne
2017-10-15 10:30:39+11:00,-37.83266577869654,144.9718053638935,33.98518,40.39999999999998,2702,5.6088000000000005,5608.8,,53,0.0,23,2017-10-14 23:30:39,Australia/Melbourne
2017-10-15 10:30:51+11:00,-37.83253585919738,144.97172565199435,34.00097,40.60000000000002,2703,4.2336,4233.6,,50,0.5,23,2017-10-14 23:30:51,Australia/Melbourne
2017-10-15 10:30:52+11:00,-37.83252756111324,144.9717160128057,34.00222,40.60000000000002,2703,3.9960000000000004,3996.0,,48,0.0,23,2017-10-14 23:30:52,Australia/Melbourne
2017-10-15 10:30:54+11:00,-37.83251339569688,144.9716940522194,34.004760000000005,40.60000000000002,2703,3.9960000000000004,3996.0,,48,0.0,23,2017-10-14 23:30:54,Australia/Melbourne
2017-10-15 10:30:56+11:00,-37.83249202184379,144.97167360037565,34.00758999999999,40.60000000000002,2703,4.467600000000001,4467.6,,48,0.0,23,2017-10-14 23:30:56,Australia/Melbourne
2017-10-15 10:31:04+11:00,-37.832434019073844,144.97162029147148,34.01532,40.799999999999955,2704,4.1328,4132.8,,57,0.0,23,2017-10-14 23:31:04,Australia/Melbourne
2017-10-15 10:31:07+11:00,-37.83245279453695,144.97159556485713,34.016839999999995,41.0,2705,3.9960000000000004,3996.0,,57,0.0,23,2017-10-14 23:31:07,Australia/Melbourne
2017-10-15 10:31:12+11:00,-37.832432594150305,144.97155315242708,34.02168,41.200000000000045,2706,3.8628,3862.8,,57,0.0,23,2017-10-14 23:31:12,Australia/Melbourne
2017-10-15 10:31:17+11:00,-37.83237031660974,144.97149221599102,34.030260000000006,40.799999999999955,2704,4.266,4266.0,,57,0.0,23,2017-10-14 23:31:17,Australia/Melbourne
2017-10-15 10:31:26+11:00,-37.83219111151993,144.9714696686715,34.05035,41.0,2705,7.3908,7390.8,,84,0.0,23,2017-10-14 23:31:26,Australia/Melbourne
2017-10-15 10:31:37+11:00,-37.83200486563146,144.97137461788952,34.073029999999996,41.39999999999998,2707,7.9272,7927.2,,84,0.5,23,2017-10-14 23:31:37,Australia/Melbourne
2017-10-15 10:31:39+11:00,-37.831956082955,144.9713346362114,34.07941,41.60000000000002,2708,8.4312,8431.2,,85,0.5,23,2017-10-14 23:31:39,Australia/Melbourne
2017-10-15 10:31:48+11:00,-37.83177126199007,144.9712968338281,34.10015,41.799999999999955,2709,8.330400000000001,8330.4,,85,0.5,23,2017-10-14 23:31:48,Australia/Melbourne
2017-10-15 10:31:57+11:00,-37.83158417791128,144.9712355621159,34.12178,41.799999999999955,2709,8.398800000000001,8398.800000000001,,85,0.5,23,2017-10-14 23:31:57,Australia/Melbourne
2017-10-15 10:32:05+11:00,-37.83139994367957,144.97117227874696,34.143089999999994,42.60000000000002,2713,8.600399999999999,8600.4,,86,0.5,23,2017-10-14 23:32:05,Australia/Melbourne
2017-10-15 10:32:12+11:00,-37.831206656992435,144.97111628763378,34.165099999999995,42.60000000000002,2713,9.036,9036.0,,86,0.5,23,2017-10-14 23:32:12,Australia/Melbourne
2017-10-15 10:32:19+11:00,-37.83101831562817,144.97109189629555,34.18622,42.799999999999955,2714,9.8748,9874.800000000001,,86,0.5,23,2017-10-14 23:32:19,Australia/Melbourne
2017-10-15 10:32:27+11:00,-37.83083542250097,144.97113648802042,34.207860000000004,43.200000000000045,2716,9.3384,9338.4,,86,0.5,23,2017-10-14 23:32:27,Australia/Melbourne
2017-10-15 10:32:35+11:00,-37.83065554685891,144.9711044691503,34.228010000000005,43.200000000000045,2716,9.2376,9237.6,,86,0.5,23,2017-10-14 23:32:35,Australia/Melbourne
2017-10-15 10:32:43+11:00,-37.83046326600015,144.97109374031425,34.24944,43.39999999999998,2717,9.3384,9338.4,,87,0.5,23,2017-10-14 23:32:43,Australia/Melbourne
2017-10-15 10:32:50+11:00,-37.83027618192136,144.97107052244246,34.27029,43.200000000000045,2716,9.54,9540.0,,87,0.5,23,2017-10-14 23:32:50,Australia/Melbourne
2017-10-15 10:32:58+11:00,-37.830089600756764,144.97107597067952,34.291019999999996,43.39999999999998,2717,9.6084,9608.4,,87,0.5,23,2017-10-14 23:32:58,Australia/Melbourne
2017-10-15 10:33:05+11:00,-37.82990897074342,144.97105828486383,34.31116,43.200000000000045,2716,9.6732,9673.2,,85,0.5,23,2017-10-14 23:33:05,Australia/Melbourne
2017-10-15 10:33:09+11:00,-37.829809142276645,144.97105216607451,34.32235,43.60000000000002,2718,9.7416,9741.6,,86,0.5,23,2017-10-14 23:33:09,Australia/Melbourne
2017-10-15 10:33:18+11:00,-37.82961208373308,144.9710595421493,34.344319999999996,43.60000000000002,2718,9.709200000000001,9709.2,,86,0.5,23,2017-10-14 23:33:18,Australia/Melbourne
2017-10-15 10:33:27+11:00,-37.82941888086498,144.97104722075164,34.36598,43.60000000000002,2718,9.54,9540.0,,86,0.5,23,2017-10-14 23:33:27,Australia/Melbourne
2017-10-15 10:33:34+11:00,-37.82923514954746,144.97101729735732,34.38661,43.39999999999998,2717,9.6084,9608.4,,87,0.5,23,2017-10-14 23:33:34,Australia/Melbourne
2017-10-15 10:33:42+11:00,-37.829040521755815,144.9710309598595,34.40835,43.39999999999998,2717,9.7416,9741.6,,87,0.5,24,2017-10-14 23:33:42,Australia/Melbourne
2017-10-15 10:33:49+11:00,-37.828854443505406,144.9710447061807,34.429379999999995,43.39999999999998,2717,9.8748,9874.800000000001,,86,0.5,24,2017-10-14 23:33:49,Australia/Melbourne
2017-10-15 10:33:58+11:00,-37.82865755259991,144.97105442918837,34.45132,43.60000000000002,2718,9.9108,9910.800000000001,,87,0.5,23,2017-10-14 23:33:58,Australia/Melbourne
2017-10-15 10:34:07+11:00,-37.82845697365701,144.97108443640172,34.47385,43.60000000000002,2718,9.7416,9741.6,,87,0.5,23,2017-10-14 23:34:07,Australia/Melbourne
2017-10-15 10:34:16+11:00,-37.82827072776854,144.97110807336867,34.49467,43.200000000000045,2716,9.5724,9572.4,,87,0.5,23,2017-10-14 23:34:16,Australia/Melbourne
2017-10-15 10:34:24+11:00,-37.82808146439493,144.9711184669286,34.515769999999996,43.39999999999998,2717,9.5724,9572.4,,87,0.5,23,2017-10-14 23:34:24,Australia/Melbourne
2017-10-15 10:34:33+11:00,-37.827895637601614,144.97114612720907,34.53654,43.39999999999998,2717,9.471599999999999,9471.6,,87,0.5,23,2017-10-14 23:34:33,Australia/Melbourne
2017-10-15 10:34:42+11:00,-37.82769857905805,144.97115266509354,34.55847,43.0,2715,9.3384,9338.4,,88,0.5,23,2017-10-14 23:34:42,Australia/Melbourne
2017-10-15 10:34:50+11:00,-37.82750881277025,144.9711530841887,34.57953,43.200000000000045,2716,9.2376,9237.6,,86,0.5,23,2017-10-14 23:34:50,Australia/Melbourne
2017-10-15 10:34:58+11:00,-37.82731653191149,144.9711716081947,34.600970000000004,43.200000000000045,2716,9.3384,9338.4,,86,0.5,23,2017-10-14 23:34:58,Australia/Melbourne
2017-10-15 10:35:05+11:00,-37.82712324522436,144.97115350328386,34.62246,43.0,2715,9.54,9540.0,,87,0.5,23,2017-10-14 23:35:05,Australia/Melbourne
2017-10-15 10:35:14+11:00,-37.82692417502403,144.9711388349533,34.64462,43.0,2715,9.370800000000001,9370.800000000001,,85,0.5,23,2017-10-14 23:35:14,Australia/Melbourne
2017-10-15 10:35:23+11:00,-37.82672485336661,144.97114134952426,34.66675,43.200000000000045,2716,9.3384,9338.4,,86,0.5,23,2017-10-14 23:35:23,Australia/Melbourne
2017-10-15 10:35:34+11:00,-37.82652838155627,144.9711255915463,34.68862,42.799999999999955,2714,8.632800000000001,8632.800000000001,,86,0.5,23,2017-10-14 23:35:34,Australia/Melbourne
2017-10-15 10:35:36+11:00,-37.82648823224008,144.97112047858536,34.69309,42.60000000000002,2713,8.4636,8463.6,,85,0.5,23,2017-10-14 23:35:36,Australia/Melbourne
2017-10-15 10:35:44+11:00,-37.82630383037031,144.9710742942989,34.71401,42.39999999999998,2712,8.802,8802.0,,87,0.5,23,2017-10-14 23:35:44,Australia/Melbourne
2017-10-15 10:35:51+11:00,-37.82610668800771,144.97104118578136,34.73608,42.200000000000045,2711,9.9108,9910.800000000001,,87,0.5,23,2017-10-14 23:35:51,Australia/Melbourne
2017-10-15 10:36:04+11:00,-37.825939217582345,144.97095862403512,34.75675,42.60000000000002,2713,6.3504000000000005,6350.400000000001,,88,0.5,23,2017-10-14 23:36:04,Australia/Melbourne
2017-10-15 10:36:07+11:00,-37.825911389663815,144.97094202786684,34.76009,42.799999999999955,2714,5.2416,5241.6,,47,0.5,23,2017-10-14 23:36:07,Australia/Melbourne
2017-10-15 10:36:12+11:00,-37.825850285589695,144.97092903591692,34.76701,42.60000000000002,2713,4.266,4266.0,,47,0.5,23,2017-10-14 23:36:12,Australia/Melbourne
2017-10-15 10:36:15+11:00,-37.82581105828285,144.97091269120574,34.7714,42.39999999999998,2712,4.467600000000001,4467.6,,47,0.5,23,2017-10-14 23:36:15,Australia/Melbourne
2017-10-15 10:36:25+11:00,-37.82570888288319,144.97084186412394,34.783139999999996,42.200000000000045,2711,3.3912,3391.2000000000003,,55,0.5,23,2017-10-14 23:36:25,Australia/Melbourne
2017-10-15 10:36:27+11:00,-37.825690945610404,144.97082334011793,34.78558,42.39999999999998,2712,3.6611999999999996,3661.2000000000003,,53,0.5,23,2017-10-14 23:36:27,Australia/Melbourne
2017-10-15 10:36:29+11:00,-37.825669487938285,144.97081311419606,34.78814,42.60000000000002,2713,4.4352,4435.2,,0,0.0,23,2017-10-14 23:36:29,Australia/Melbourne
2017-10-15 10:36:37+11:00,-37.825603019446135,144.97080858796835,34.79564,42.200000000000045,2711,3.5928,3592.8,,54,0.5,23,2017-10-14 23:36:37,Australia/Melbourne
2017-10-15 10:36:39+11:00,-37.8255839087069,144.97080615721643,34.79761,42.200000000000045,2711,3.5928,3592.8,,54,0.5,23,2017-10-14 23:36:39,Australia/Melbourne
2017-10-15 10:36:41+11:00,-37.82555499114096,144.97079903259873,34.80087,42.39999999999998,2712,3.6936,3693.6,,55,0.5,23,2017-10-14 23:36:41,Australia/Melbourne
2017-10-15 10:36:50+11:00,-37.82546203583479,144.97076835483313,34.811519999999994,42.39999999999998,2712,3.9960000000000004,3996.0,,53,0.5,23,2017-10-14 23:36:50,Australia/Melbourne
2017-10-15 10:36:52+11:00,-37.825441332533956,144.9707572069019,34.814,42.39999999999998,2712,3.9636,3963.6,,52,0.0,23,2017-10-14 23:36:52,Australia/Melbourne
2017-10-15 10:36:54+11:00,-37.82540897838771,144.97074170038104,34.81787,42.39999999999998,2712,4.2336,4233.6,,56,0.0,23,2017-10-14 23:36:54,Australia/Melbourne
2017-10-15 10:37:05+11:00,-37.82523077912629,144.97069518081844,34.83806,42.0,2710,5.7096,5709.6,,58,0.0,23,2017-10-14 23:37:05,Australia/Melbourne
2017-10-15 10:37:17+11:00,-37.825050316751,144.97065151110291,34.85821,41.799999999999955,2709,6.012,6012.0,,57,0.5,23,2017-10-14 23:37:17,Australia/Melbourne
2017-10-15 10:37:22+11:00,-37.82494571059942,144.970622677356,34.87009,41.60000000000002,2708,9.6084,9608.4,,84,0.5,23,2017-10-14 23:37:22,Australia/Melbourne
2017-10-15 10:37:32+11:00,-37.82476415857673,144.97052603401244,34.892019999999995,41.39999999999998,2707,8.564400000000001,8564.4,,86,0.5,24,2017-10-14 23:37:32,Australia/Melbourne
2017-10-15 10:37:41+11:00,-37.82460465095937,144.9703935161233,34.91351,41.200000000000045,2706,8.8344,8834.4,,85,0.5,24,2017-10-14 23:37:41,Australia/Melbourne
2017-10-15 10:37:51+11:00,-37.8244115319103,144.97035328298807,34.935120000000005,41.0,2705,8.632800000000001,8632.800000000001,,86,0.5,24,2017-10-14 23:37:51,Australia/Melbourne
2017-10-15 10:38:00+11:00,-37.824253030121326,144.9702378641814,34.955760000000005,41.0,2705,8.600399999999999,8600.4,,85,0.5,24,2017-10-14 23:38:00,Australia/Melbourne
2017-10-15 10:38:08+11:00,-37.824075585231185,144.97015312314034,34.97671,40.799999999999955,2704,8.733600000000001,8733.6,,86,0.0,23,2017-10-14 23:38:08,Australia/Melbourne
2017-10-15 10:38:17+11:00,-37.823887998238206,144.9700647778809,34.99892,40.799999999999955,2704,8.4636,8463.6,,86,0.5,23,2017-10-14 23:38:17,Australia/Melbourne
2017-10-15 10:38:18+11:00,-37.82385556027293,144.97005379758775,35.002629999999996,40.799999999999955,2704,8.532,8532.0,,86,0.5,23,2017-10-14 23:38:18,Australia/Melbourne
2017-10-15 10:38:24+11:00,-37.82367560081184,144.97002596966922,35.022769999999994,40.799999999999955,2704,8.935200000000002,8935.2,,86,0.5,23,2017-10-14 23:38:24,Australia/Melbourne
2017-10-15 10:38:26+11:00,-37.82363067381084,144.97000509873033,35.02807,40.60000000000002,2703,8.9028,8902.800000000001,,85,0.5,23,2017-10-14 23:38:26,Australia/Melbourne
2017-10-15 10:38:34+11:00,-37.82352606765926,144.9698028434068,35.05075,40.0,2700,9.2376,9237.6,,86,0.5,23,2017-10-14 23:38:34,Australia/Melbourne
2017-10-15 10:38:41+11:00,-37.823538556694984,144.96957309544086,35.07109,39.60000000000002,2698,10.011600000000001,10011.6,,85,0.5,23,2017-10-14 23:38:41,Australia/Melbourne
2017-10-15 10:38:49+11:00,-37.82357099466026,144.9693297687918,35.092949999999995,39.0,2695,10.112400000000001,10112.4,,85,0.5,23,2017-10-14 23:38:49,Australia/Melbourne
2017-10-15 10:38:53+11:00,-37.8235948830843,144.96921250596642,35.10368,38.39999999999998,2692,10.1448,10144.800000000001,,84,0.5,23,2017-10-14 23:38:53,Australia/Melbourne
2017-10-15 10:39:02+11:00,-37.823598235845566,144.96896431781352,35.125569999999996,37.39999999999998,2687,9.9108,9910.800000000001,,87,0.5,23,2017-10-14 23:39:02,Australia/Melbourne
2017-10-15 10:39:09+11:00,-37.823584070429206,144.9687417782843,35.145360000000004,36.39999999999998,2682,9.9108,9910.800000000001,,85,0.5,23,2017-10-14 23:39:09,Australia/Melbourne
2017-10-15 10:39:17+11:00,-37.823563953861594,144.96849811635911,35.16697,36.0,2680,9.9108,9910.800000000001,,87,0.5,23,2017-10-14 23:39:17,Australia/Melbourne
2017-10-15 10:39:25+11:00,-37.82355397939682,144.96824766509235,35.18893,35.60000000000002,2678,9.943200000000001,9943.2,,85,0.5,23,2017-10-14 23:39:25,Australia/Melbourne
2017-10-15 10:39:32+11:00,-37.82353545539081,144.96803753077984,35.20813,35.200000000000045,2676,9.9108,9910.800000000001,,86,0.5,23,2017-10-14 23:39:32,Australia/Melbourne
2017-10-15 10:39:38+11:00,-37.82355800271034,144.96781390160322,35.228410000000004,35.0,2675,10.0764,10076.4,,87,0.5,23,2017-10-14 23:39:38,Australia/Melbourne
2017-10-15 10:39:46+11:00,-37.82349388115108,144.96758993715048,35.24946,35.200000000000045,2676,10.177200000000001,10177.2,,87,0.5,23,2017-10-14 23:39:46,Australia/Melbourne
2017-10-15 10:39:52+11:00,-37.823420288041234,144.96744744479656,35.26625,34.799999999999955,2674,10.112400000000001,10112.4,,86,0.5,23,2017-10-14 23:39:52,Australia/Melbourne
2017-10-15 10:39:56+11:00,-37.82330076210201,144.9674465227872,35.27977,34.799999999999955,2674,10.112400000000001,10112.4,,87,0.5,23,2017-10-14 23:39:56,Australia/Melbourne
2017-10-15 10:40:03+11:00,-37.823101272806525,144.96747862547636,35.30212,34.799999999999955,2674,10.1448,10144.800000000001,,86,0.5,22,2017-10-14 23:40:03,Australia/Melbourne
2017-10-15 10:40:11+11:00,-37.822912679985166,144.96751978062093,35.3236,35.0,2675,9.7416,9741.6,,87,0.5,22,2017-10-14 23:40:11,Australia/Melbourne
2017-10-15 10:40:18+11:00,-37.82270656898618,144.96753947809339,35.346489999999996,35.200000000000045,2676,10.3788,10378.800000000001,,86,0.5,22,2017-10-14 23:40:18,Australia/Melbourne
2017-10-15 10:40:25+11:00,-37.822512947022915,144.96755372732878,35.368050000000004,34.799999999999955,2674,10.648800000000001,10648.800000000001,,87,0.5,22,2017-10-14 23:40:25,Australia/Melbourne
2017-10-15 10:40:32+11:00,-37.82231982797384,144.96755875647068,35.3894,35.0,2675,10.314000000000002,10314.0,,87,0.5,22,2017-10-14 23:40:32,Australia/Melbourne
2017-10-15 10:40:38+11:00,-37.82212285324931,144.9675797112286,35.41186,35.39999999999998,2677,10.4472,10447.2,,85,0.5,23,2017-10-14 23:40:38,Australia/Melbourne
2017-10-15 10:40:46+11:00,-37.82193660736084,144.96765875257552,35.43366,35.39999999999998,2677,10.245600000000001,10245.6,,87,0.5,23,2017-10-14 23:40:46,Australia/Melbourne
2017-10-15 10:40:57+11:00,-37.82176318578422,144.96777031570673,35.455169999999995,35.60000000000002,2678,9.0036,9003.6,,86,0.5,23,2017-10-14 23:40:57,Australia/Melbourne
2017-10-15 10:41:09+11:00,-37.82158683054149,144.96782186441123,35.475449999999995,36.200000000000045,2681,8.096400000000001,8096.400000000001,,84,0.5,23,2017-10-14 23:41:09,Australia/Melbourne
2017-10-15 10:41:13+11:00,-37.82152673229575,144.96784541755915,35.48242,36.39999999999998,2682,7.8264,7826.400000000001,,84,0.5,23,2017-10-14 23:41:13,Australia/Melbourne
2017-10-15 10:41:22+11:00,-37.82134551554918,144.96792990714312,35.50407,37.0,2685,8.2296,8229.6,,85,0.5,23,2017-10-14 23:41:22,Australia/Melbourne
2017-10-15 10:41:29+11:00,-37.82115759328008,144.96798078529537,35.52542,37.200000000000045,2686,9.1368,9136.800000000001,,86,0.5,23,2017-10-14 23:41:29,Australia/Melbourne
2017-10-15 10:41:34+11:00,-37.82096137292683,144.96796469204128,35.54732,37.200000000000045,2686,9.4068,9406.800000000001,,86,0.5,23,2017-10-14 23:41:34,Australia/Melbourne
2017-10-15 10:41:39+11:00,-37.82073841430247,144.9678703956306,35.56841,37.200000000000045,2686,9.774,9774.0,,87,0.5,23,2017-10-14 23:41:39,Australia/Melbourne
2017-10-15 10:41:40+11:00,-37.82070773653686,144.9678508657962,35.57204,37.200000000000045,2686,9.774,9774.0,,87,0.5,23,2017-10-14 23:41:40,Australia/Melbourne
2017-10-15 10:41:47+11:00,-37.82059885561466,144.96780308894813,35.5916,36.60000000000002,2683,9.6408,9640.800000000001,,86,0.5,23,2017-10-14 23:41:47,Australia/Melbourne
2017-10-15 10:41:50+11:00,-37.82061260193586,144.96780384331942,35.59958,36.200000000000045,2681,9.54,9540.0,,85,0.5,23,2017-10-14 23:41:50,Australia/Melbourne
2017-10-15 10:41:52+11:00,-37.820631712675095,144.96779127046466,35.604879999999994,35.799999999999955,2679,9.54,9540.0,,87,0.5,23,2017-10-14 23:41:52,Australia/Melbourne
2017-10-15 10:41:55+11:00,-37.820801781490445,144.96776419691741,35.61275,35.60000000000002,2678,9.4068,9406.800000000001,,87,0.5,23,2017-10-14 23:41:55,Australia/Melbourne
2017-10-15 10:41:59+11:00,-37.82102289609611,144.96773553080857,35.623239999999996,35.200000000000045,2676,9.4392,9439.2,,86,0.5,23,2017-10-14 23:41:59,Australia/Melbourne
2017-10-15 10:42:17+11:00,-37.81959126703441,144.96898133307695,35.670519999999996,34.39999999999998,2672,9.370800000000001,9370.800000000001,,86,0.5,23,2017-10-14 23:42:17,Australia/Melbourne
2017-10-15 10:42:19+11:00,-37.8198959492147,144.96890891343355,35.67313,34.39999999999998,2672,9.370800000000001,9370.800000000001,,86,0.5,23,2017-10-14 23:42:19,Australia/Melbourne
2017-10-15 10:42:21+11:00,-37.81996250152588,144.9689230788499,35.681160000000006,34.39999999999998,2672,9.2052,9205.2,,87,0.5,23,2017-10-14 23:42:21,Australia/Melbourne
2017-10-15 10:42:23+11:00,-37.82038377597928,144.96945574879646,35.74105,34.39999999999998,2672,8.967600000000001,8967.6,,86,0.5,23,2017-10-14 23:42:23,Australia/Melbourne
2017-10-15 10:42:27+11:00,-37.82057681120932,144.96962858363986,35.76186,34.60000000000002,2673,10.6128,10612.800000000001,,87,0.5,22,2017-10-14 23:42:27,Australia/Melbourne
2017-10-15 10:42:29+11:00,-37.82066021114588,144.96968348510563,35.7714,34.60000000000002,2673,8.4312,8431.2,,87,0.5,22,2017-10-14 23:42:29,Australia/Melbourne
2017-10-15 10:42:37+11:00,-37.82074252143502,144.96990082785487,35.79254,34.799999999999955,2674,9.471599999999999,9471.6,,87,0.5,23,2017-10-14 23:42:37,Australia/Melbourne
2017-10-15 10:42:45+11:00,-37.82080362550914,144.970131078735,35.81412,34.799999999999955,2674,9.471599999999999,9471.6,,86,0.5,23,2017-10-14 23:42:45,Australia/Melbourne
2017-10-15 10:42:54+11:00,-37.82086565159261,144.9703726451844,35.83657,35.0,2675,9.3384,9338.4,,87,0.5,23,2017-10-14 23:42:54,Australia/Melbourne
2017-10-15 10:43:03+11:00,-37.820910243317485,144.9706189893186,35.858839999999994,35.39999999999998,2677,9.306000000000001,9306.0,,85,0.5,23,2017-10-14 23:43:03,Australia/Melbourne
2017-10-15 10:43:11+11:00,-37.82095843926072,144.97084714472294,35.87967,35.39999999999998,2677,9.2376,9237.6,,86,0.5,23,2017-10-14 23:43:11,Australia/Melbourne
2017-10-15 10:43:20+11:00,-37.8210442699492,144.97106683440506,35.901379999999996,35.799999999999955,2679,9.1044,9104.4,,86,0.5,23,2017-10-14 23:43:20,Australia/Melbourne
2017-10-15 10:43:28+11:00,-37.82110151834786,144.97131519019604,35.92409,35.60000000000002,2678,9.2052,9205.2,,87,0.5,23,2017-10-14 23:43:28,Australia/Melbourne
2017-10-15 10:43:37+11:00,-37.82115382142365,144.97153613716364,35.94447,36.200000000000045,2681,9.1044,9104.4,,85,0.5,23,2017-10-14 23:43:37,Australia/Melbourne
2017-10-15 10:43:39+11:00,-37.821159940212965,144.97159858234227,35.94996,36.200000000000045,2681,9.1044,9104.4,,85,0.5,23,2017-10-14 23:43:39,Australia/Melbourne
2017-10-15 10:43:47+11:00,-37.82121878117323,144.97184132225811,35.972339999999996,36.60000000000002,2683,9.306000000000001,9306.0,,86,0.5,23,2017-10-14 23:43:47,Australia/Melbourne
2017-10-15 10:43:55+11:00,-37.82128776423633,144.97206126339734,35.99322,36.60000000000002,2683,9.3384,9338.4,,87,0.5,23,2017-10-14 23:43:55,Australia/Melbourne
2017-10-15 10:43:58+11:00,-37.82130679115653,144.97214315459132,36.00072,37.0,2685,9.3384,9338.4,,86,0.5,23,2017-10-14 23:43:58,Australia/Melbourne
2017-10-15 10:44:05+11:00,-37.82134258188307,144.97232822701335,36.01751,37.200000000000045,2686,9.2376,9237.6,,86,0.5,23,2017-10-14 23:44:05,Australia/Melbourne
2017-10-15 10:44:13+11:00,-37.82140485942364,144.9725537840277,36.03851,37.39999999999998,2687,9.306000000000001,9306.0,,86,0.5,23,2017-10-14 23:44:13,Australia/Melbourne
2017-10-15 10:44:21+11:00,-37.821448277682066,144.97278470546007,36.05946,37.39999999999998,2687,9.3384,9338.4,,86,0.5,24,2017-10-14 23:44:21,Australia/Melbourne
2017-10-15 10:44:29+11:00,-37.8215051908046,144.97301135212183,36.080400000000004,37.799999999999955,2689,9.4068,9406.800000000001,,85,0.5,24,2017-10-14 23:44:29,Australia/Melbourne
2017-10-15 10:44:38+11:00,-37.821562103927135,144.97325090691447,36.10243,38.39999999999998,2692,9.370800000000001,9370.800000000001,,86,0.5,24,2017-10-14 23:44:38,Australia/Melbourne
2017-10-15 10:44:46+11:00,-37.82161365263164,144.9734745360911,36.12289,38.39999999999998,2692,9.306000000000001,9306.0,,85,0.5,24,2017-10-14 23:44:46,Australia/Melbourne
2017-10-15 10:44:54+11:00,-37.821688586845994,144.97369305230677,36.143860000000004,39.200000000000045,2696,9.4392,9439.2,,86,0.5,24,2017-10-14 23:44:54,Australia/Melbourne
2017-10-15 10:44:57+11:00,-37.82172907143831,144.97374485246837,36.15025,39.200000000000045,2696,9.3384,9338.4,,86,0.5,24,2017-10-14 23:44:57,Australia/Melbourne
2017-10-15 10:45:05+11:00,-37.82187977805734,144.97368609532714,36.16814,39.39999999999998,2697,9.1692,9169.2,,85,0.0,24,2017-10-14 23:45:05,Australia/Melbourne
2017-10-15 10:45:14+11:00,-37.82201279886067,144.9735168647021,36.190169999999995,40.0,2700,9.1044,9104.4,,84,0.5,24,2017-10-14 23:45:14,Australia/Melbourne
2017-10-15 10:45:22+11:00,-37.82205931842327,144.97329818084836,36.21015,40.39999999999998,2702,9.0684,9068.4,,84,0.5,24,2017-10-14 23:45:22,Australia/Melbourne
2017-10-15 10:45:31+11:00,-37.82209435477853,144.97305133379996,36.23225,41.0,2705,9.0036,9003.6,,84,0.5,24,2017-10-14 23:45:31,Australia/Melbourne
2017-10-15 10:45:40+11:00,-37.82214682549238,144.9728141259402,36.253910000000005,41.200000000000045,2706,8.935200000000002,8935.2,,86,0.5,24,2017-10-14 23:45:40,Australia/Melbourne
2017-10-15 10:45:43+11:00,-37.822164511308074,144.9727427959442,36.26047,41.39999999999998,2707,8.9028,8902.800000000001,,84,0.5,24,2017-10-14 23:45:43,Australia/Melbourne
2017-10-15 10:45:52+11:00,-37.822233997285366,144.97251480817795,36.281980000000004,41.60000000000002,2708,8.8344,8834.4,,85,0.5,24,2017-10-14 23:45:52,Australia/Melbourne
2017-10-15 10:46:01+11:00,-37.822284707799554,144.97229419648647,36.302260000000004,42.200000000000045,2711,8.6652,8665.2,,84,0.0,24,2017-10-14 23:46:01,Australia/Melbourne
2017-10-15 10:46:09+11:00,-37.82240146771073,144.97209998779,36.32336,42.200000000000045,2711,8.7012,8701.2,,84,0.0,24,2017-10-14 23:46:09,Australia/Melbourne
2017-10-15 10:46:14+11:00,-37.822467517107725,144.9719908554107,36.3355,42.200000000000045,2711,8.632800000000001,8632.800000000001,,85,0.5,24,2017-10-14 23:46:14,Australia/Melbourne
2017-10-15 10:46:22+11:00,-37.82257681712508,144.97182640247047,36.3544,42.39999999999998,2712,8.632800000000001,8632.800000000001,,86,0.5,24,2017-10-14 23:46:22,Australia/Melbourne
2017-10-15 10:46:31+11:00,-37.822724087163806,144.9716531485319,36.37679,42.799999999999955,2714,8.600399999999999,8600.4,,85,0.5,24,2017-10-14 23:46:31,Australia/Melbourne
2017-10-15 10:46:39+11:00,-37.822902370244265,144.97153194621205,36.39932,42.799999999999955,2714,8.935200000000002,8935.2,,85,0.5,24,2017-10-14 23:46:39,Australia/Melbourne
2017-10-15 10:46:48+11:00,-37.823068164289,144.97143387794495,36.41968,43.0,2715,8.8344,8834.4,,85,0.5,24,2017-10-14 23:46:48,Australia/Melbourne
2017-10-15 10:46:56+11:00,-37.82324368134141,144.97135835699737,36.4403,43.39999999999998,2717,8.8344,8834.4,,85,0.5,24,2017-10-14 23:46:56,Australia/Melbourne
2017-10-15 10:46:58+11:00,-37.82328768633306,144.97135173529387,36.44522,43.39999999999998,2717,8.8344,8834.4,,85,0.5,24,2017-10-14 23:46:58,Australia/Melbourne
2017-10-15 10:47:06+11:00,-37.82347669824958,144.97133907862008,36.46624,43.60000000000002,2718,8.935200000000002,8935.2,,85,0.5,24,2017-10-14 23:47:06,Australia/Melbourne
2017-10-15 10:47:15+11:00,-37.82367451116443,144.9713790602982,36.488550000000004,43.799999999999955,2719,8.9028,8902.800000000001,,85,0.0,24,2017-10-14 23:47:15,Australia/Melbourne
2017-10-15 10:47:23+11:00,-37.823843909427524,144.97148727066815,36.509620000000005,44.0,2720,9.036,9036.0,,84,0.5,24,2017-10-14 23:47:23,Australia/Melbourne
2017-10-15 10:47:31+11:00,-37.82400676980615,144.97155256569386,36.52863,44.60000000000002,2723,8.967600000000001,8967.6,,84,0.0,24,2017-10-14 23:47:31,Australia/Melbourne
2017-10-15 10:47:40+11:00,-37.824182119220495,144.97167066670954,36.55063,44.60000000000002,2723,8.935200000000002,8935.2,,84,0.5,24,2017-10-14 23:47:40,Australia/Melbourne
2017-10-15 10:47:48+11:00,-37.824353193864226,144.97177041135728,36.57162,45.0,2725,9.036,9036.0,,84,0.5,24,2017-10-14 23:47:48,Australia/Melbourne
2017-10-15 10:47:58+11:00,-37.82449359074235,144.97184827923775,36.58864,45.60000000000002,2728,4.8384,4838.400000000001,,57,0.5,24,2017-10-14 23:47:58,Australia/Melbourne
2017-10-15 10:48:03+11:00,-37.82453726045787,144.9718824774027,36.59433,46.200000000000045,2731,5.1408,5140.8,,53,0.5,24,2017-10-14 23:48:03,Australia/Melbourne
2017-10-15 10:48:16+11:00,-37.82469257712364,144.9719951301813,36.61435,46.39999999999998,2732,5.508,5508.0,,53,0.5,24,2017-10-14 23:48:16,Australia/Melbourne
2017-10-15 10:48:23+11:00,-37.82478687353432,144.97208381071687,36.627379999999995,46.799999999999955,2734,5.9112,5911.2,,0,0.0,24,2017-10-14 23:48:23,Australia/Melbourne
2017-10-15 10:48:37+11:00,-37.82494797371328,144.97221565805376,36.648720000000004,47.0,2735,5.8104000000000005,5810.400000000001,,0,0.0,24,2017-10-14 23:48:37,Australia/Melbourne
2017-10-15 10:48:45+11:00,-37.82503346912563,144.97228967025876,36.66011,46.60000000000002,2733,5.6772,5677.2,,0,0.0,24,2017-10-14 23:48:45,Australia/Melbourne
2017-10-15 10:48:49+11:00,-37.825096333399415,144.97230769135058,36.667199999999994,47.0,2735,5.7456000000000005,5745.6,,0,0.0,24,2017-10-14 23:48:49,Australia/Melbourne
2017-10-15 10:48:59+11:00,-37.82521862536669,144.9723711423576,36.6818,47.200000000000045,2736,5.3748000000000005,5374.8,,0,0.0,24,2017-10-14 23:48:59,Australia/Melbourne
2017-10-15 10:49:13+11:00,-37.82533991150558,144.9724946077913,36.69874,46.799999999999955,2734,4.7376000000000005,4737.6,,0,0.0,24,2017-10-14 23:49:13,Australia/Melbourne
2017-10-15 10:49:21+11:00,-37.82543663866818,144.9725376907736,36.710080000000005,47.60000000000002,2738,4.77,4770.0,,0,0.0,24,2017-10-14 23:49:21,Australia/Melbourne
2017-10-15 10:49:23+11:00,-37.82546262256801,144.9725437257439,36.71302,47.799999999999955,2739,4.8024000000000004,4802.400000000001,,0,0.0,24,2017-10-14 23:49:23,Australia/Melbourne
2017-10-15 10:49:36+11:00,-37.82564576715231,144.97256216593087,36.73345,46.799999999999955,2734,5.0724,5072.400000000001,,0,0.0,24,2017-10-14 23:49:36,Australia/Melbourne
2017-10-15 10:49:52+11:00,-37.82583184540272,144.97255755588412,36.754220000000004,47.200000000000045,2736,4.77,4770.0,,59,0.0,24,2017-10-14 23:49:52,Australia/Melbourne
2017-10-15 10:50:05+11:00,-37.826028149574995,144.97251262888312,36.77644,47.60000000000002,2738,5.4432,5443.2,,59,0.0,24,2017-10-14 23:50:05,Australia/Melbourne
2017-10-15 10:50:18+11:00,-37.82621313817799,144.97251003049314,36.79674,48.200000000000045,2741,5.846400000000001,5846.400000000001,,59,0.0,24,2017-10-14 23:50:18,Australia/Melbourne
2017-10-15 10:50:33+11:00,-37.826398964971304,144.97249075211585,36.81743,48.60000000000002,2743,5.6088000000000005,5608.8,,49,0.5,24,2017-10-14 23:50:33,Australia/Melbourne
2017-10-15 10:50:46+11:00,-37.82658881507814,144.972520256415,36.838620000000006,48.799999999999955,2744,5.9472,5947.2,,59,0.0,24,2017-10-14 23:50:46,Australia/Melbourne
2017-10-15 10:51:00+11:00,-37.82677070237696,144.97250391170382,36.85914,49.0,2745,5.7096,5709.6,,57,0.0,24,2017-10-14 23:51:00,Australia/Melbourne
2017-10-15 10:51:13+11:00,-37.82695937901735,144.97249603271484,36.880230000000005,48.60000000000002,2743,5.846400000000001,5846.400000000001,,53,0.0,24,2017-10-14 23:51:13,Australia/Melbourne
2017-10-15 10:51:22+11:00,-37.82713523134589,144.97255948372185,36.90062,48.799999999999955,2744,8.6652,8665.2,,85,0.0,24,2017-10-14 23:51:22,Australia/Melbourne
2017-10-15 10:51:32+11:00,-37.82730923965573,144.97266844846308,36.92221,49.200000000000045,2746,8.298,8298.0,,84,0.0,24,2017-10-14 23:51:32,Australia/Melbourne
2017-10-15 10:51:40+11:00,-37.82747218385339,144.9727861303836,36.94311,49.200000000000045,2746,8.8344,8834.4,,86,0.5,24,2017-10-14 23:51:40,Australia/Melbourne
2017-10-15 10:51:50+11:00,-37.82763294875622,144.97292711399496,36.9649,49.799999999999955,2749,8.532,8532.0,,84,0.5,24,2017-10-14 23:51:50,Australia/Melbourne
2017-10-15 10:51:51+11:00,-37.82764812000096,144.97294144704938,36.967,50.0,2750,8.532,8532.0,,84,0.5,24,2017-10-14 23:51:51,Australia/Melbourne
2017-10-15 10:52:00+11:00,-37.82779865898192,144.97308402322233,36.9879,50.60000000000002,2753,8.3628,8362.800000000001,,84,0.5,24,2017-10-14 23:52:00,Australia/Melbourne
2017-10-15 10:52:05+11:00,-37.82788021489978,144.97317764908075,37.00014,50.799999999999955,2754,8.3628,8362.800000000001,,85,0.5,24,2017-10-14 23:52:05,Australia/Melbourne
2017-10-15 10:52:08+11:00,-37.827929416671395,144.9732306227088,37.00732,51.0,2755,8.398800000000001,8398.800000000001,,84,0.5,24,2017-10-14 23:52:08,Australia/Melbourne
2017-10-15 10:52:17+11:00,-37.828079955652356,144.97336247004569,37.02779,51.799999999999955,2759,8.3628,8362.800000000001,,85,0.5,24,2017-10-14 23:52:17,Australia/Melbourne
2017-10-15 10:52:22+11:00,-37.82816519960761,144.97344930656254,37.03995,52.0,2760,8.398800000000001,8398.800000000001,,86,0.5,24,2017-10-14 23:52:22,Australia/Melbourne
2017-10-15 10:52:30+11:00,-37.82831917516887,144.97357754968107,37.06046,52.60000000000002,2763,8.564400000000001,8564.4,,87,0.5,23,2017-10-14 23:52:30,Australia/Melbourne
2017-10-15 10:52:38+11:00,-37.82846845686436,144.9737169407308,37.081089999999996,52.799999999999955,2764,8.733600000000001,8733.6,,86,0.5,23,2017-10-14 23:52:38,Australia/Melbourne
2017-10-15 10:52:41+11:00,-37.82852763310075,144.97376798652112,37.08902,53.0,2765,8.802,8802.0,,86,0.5,23,2017-10-14 23:52:41,Australia/Melbourne
2017-10-15 10:52:50+11:00,-37.82870021648705,144.97388801537454,37.11093,53.60000000000002,2768,8.866800000000001,8866.800000000001,,85,0.5,23,2017-10-14 23:52:50,Australia/Melbourne
2017-10-15 10:52:58+11:00,-37.82887263223529,144.97399144805968,37.13213,54.0,2770,8.935200000000002,8935.2,,86,0.5,23,2017-10-14 23:52:58,Australia/Melbourne
2017-10-15 10:52:59+11:00,-37.82889652065933,144.97400427237153,37.13502,54.0,2770,8.967600000000001,8967.6,,86,0.5,23,2017-10-14 23:52:59,Australia/Melbourne
2017-10-15 10:53:08+11:00,-37.82908477820456,144.9740816373378,37.15704,55.200000000000045,2776,8.967600000000001,8967.6,,86,0.5,23,2017-10-14 23:53:08,Australia/Melbourne
2017-10-15 10:53:17+11:00,-37.829265659675,144.97414483688772,37.1779,55.799999999999955,2779,8.935200000000002,8935.2,,86,0.5,23,2017-10-14 23:53:17,Australia/Melbourne
2017-10-15 10:53:20+11:00,-37.82931779511273,144.97416235506535,37.183879999999995,55.799999999999955,2779,8.866800000000001,8866.800000000001,,86,0.5,23,2017-10-14 23:53:20,Australia/Melbourne
2017-10-15 10:53:27+11:00,-37.82947177067399,144.9741987325251,37.20128,56.200000000000045,2781,8.802,8802.0,,86,0.5,23,2017-10-14 23:53:27,Australia/Melbourne
2017-10-15 10:53:35+11:00,-37.829661620780826,144.97423930093646,37.22267,56.60000000000002,2783,8.9028,8902.800000000001,,85,0.5,23,2017-10-14 23:53:35,Australia/Melbourne
2017-10-15 10:53:40+11:00,-37.829774022102356,144.97429721988738,37.23617,57.39999999999998,2787,9.036,9036.0,,86,0.5,23,2017-10-14 23:53:40,Australia/Melbourne
2017-10-15 10:53:48+11:00,-37.82994023524225,144.97439252212644,37.256519999999995,58.0,2790,9.1368,9136.800000000001,,86,0.5,23,2017-10-14 23:53:48,Australia/Melbourne
2017-10-15 10:53:55+11:00,-37.830087253823876,144.9745031632483,37.27555,58.39999999999998,2792,9.1692,9169.2,,85,0.5,23,2017-10-14 23:53:55,Australia/Melbourne
2017-10-15 10:54:03+11:00,-37.83024340867996,144.9746480025351,37.29715,58.799999999999955,2794,9.4068,9406.800000000001,,87,0.5,23,2017-10-14 23:54:03,Australia/Melbourne
2017-10-15 10:54:11+11:00,-37.83036980777979,144.97483399696648,37.31878,59.0,2795,9.6084,9608.4,,85,0.5,23,2017-10-14 23:54:11,Australia/Melbourne
2017-10-15 10:54:16+11:00,-37.83043183386326,144.97497087344527,37.332660000000004,59.39999999999998,2797,9.709200000000001,9709.2,,86,0.5,23,2017-10-14 23:54:16,Australia/Melbourne
2017-10-15 10:54:24+11:00,-37.83051053993404,144.9751966819167,37.35439,59.39999999999998,2797,9.774,9774.0,,86,0.5,23,2017-10-14 23:54:24,Australia/Melbourne
2017-10-15 10:54:32+11:00,-37.83058245666325,144.97542835772038,37.37632,59.0,2795,9.7416,9741.6,,87,0.5,23,2017-10-14 23:54:32,Australia/Melbourne
2017-10-15 10:54:39+11:00,-37.83063727430999,144.9756488017738,37.39664,59.0,2795,9.8748,9874.800000000001,,87,0.5,23,2017-10-14 23:54:39,Australia/Melbourne
2017-10-15 10:54:46+11:00,-37.830690164119005,144.97584644705057,37.414989999999996,58.39999999999998,2792,9.81,9810.0,,88,0.5,23,2017-10-14 23:54:46,Australia/Melbourne
2017-10-15 10:54:54+11:00,-37.83075529150665,144.97606865130365,37.43594,58.200000000000045,2791,9.7416,9741.6,,87,0.5,23,2017-10-14 23:54:54,Australia/Melbourne
2017-10-15 10:55:01+11:00,-37.83083324320614,144.97628775425255,37.457089999999994,57.39999999999998,2787,9.9108,9910.800000000001,,89,0.5,23,2017-10-14 23:55:01,Australia/Melbourne
2017-10-15 10:55:02+11:00,-37.83084975555539,144.97631390579045,37.460029999999996,57.200000000000045,2786,9.9108,9910.800000000001,,89,0.5,23,2017-10-14 23:55:02,Australia/Melbourne
2017-10-15 10:55:10+11:00,-37.830959893763065,144.9765236210078,37.48216,57.200000000000045,2786,9.9756,9975.6,,88,0.5,23,2017-10-14 23:55:10,Australia/Melbourne
2017-10-15 10:55:18+11:00,-37.831075647845864,144.97672805562615,37.50431,56.60000000000002,2783,9.9756,9975.6,,88,0.5,23,2017-10-14 23:55:18,Australia/Melbourne
2017-10-15 10:55:21+11:00,-37.83112610690296,144.97679393738508,37.512370000000004,56.200000000000045,2781,9.943200000000001,9943.2,,88,0.5,23,2017-10-14 23:55:21,Australia/Melbourne
2017-10-15 10:55:28+11:00,-37.8312705270946,144.976944392547,37.53324,56.39999999999998,2782,10.044,10044.0,,88,0.5,23,2017-10-14 23:55:28,Australia/Melbourne
2017-10-15 10:55:38+11:00,-37.83144327811897,144.97706710360944,37.55532,55.799999999999955,2779,9.8748,9874.800000000001,,86,0.5,23,2017-10-14 23:55:38,Australia/Melbourne
2017-10-15 10:55:46+11:00,-37.83161535859108,144.97719258069992,37.57741,55.60000000000002,2778,9.774,9774.0,,86,0.5,23,2017-10-14 23:55:46,Australia/Melbourne
2017-10-15 10:55:54+11:00,-37.83176832832396,144.97734010219574,37.59904,55.60000000000002,2778,9.6732,9673.2,,87,0.5,23,2017-10-14 23:55:54,Australia/Melbourne
2017-10-15 10:56:02+11:00,-37.83192071132362,144.97748175635934,37.620239999999995,55.39999999999998,2777,9.709200000000001,9709.2,,87,0.5,23,2017-10-14 23:56:02,Australia/Melbourne
2017-10-15 10:56:09+11:00,-37.8320684004575,144.97762609273195,37.640980000000006,55.39999999999998,2777,9.943200000000001,9943.2,,86,0.5,23,2017-10-14 23:56:09,Australia/Melbourne
2017-10-15 10:56:11+11:00,-37.8321114834398,144.97766205109656,37.64671,55.200000000000045,2776,9.9756,9975.6,,86,0.5,23,2017-10-14 23:56:11,Australia/Melbourne
2017-10-15 10:56:19+11:00,-37.832259172573686,144.97781326062977,37.667910000000006,55.200000000000045,2776,10.011600000000001,10011.6,,86,0.5,22,2017-10-14 23:56:19,Australia/Melbourne
2017-10-15 10:56:27+11:00,-37.83239194191992,144.97796229086816,37.68796,54.60000000000002,2773,9.8424,9842.4,,87,0.5,22,2017-10-14 23:56:27,Australia/Melbourne
2017-10-15 10:56:34+11:00,-37.832515155896544,144.97815918177366,37.71004,54.0,2770,10.011600000000001,10011.6,,88,0.5,22,2017-10-14 23:56:34,Australia/Melbourne
2017-10-15 10:56:41+11:00,-37.832630993798375,144.97833964414895,37.73054,53.200000000000045,2766,10.177200000000001,10177.2,,87,0.5,22,2017-10-14 23:56:41,Australia/Melbourne
2017-10-15 10:56:43+11:00,-37.83265228383243,144.97838540934026,37.73521,53.0,2765,10.1448,10144.800000000001,,87,0.5,22,2017-10-14 23:56:43,Australia/Melbourne
2017-10-15 10:56:53+11:00,-37.832755129784346,144.97859470546246,37.756910000000005,52.799999999999955,2764,9.5724,9572.4,,88,0.5,22,2017-10-14 23:56:53,Australia/Melbourne
2017-10-15 10:57:02+11:00,-37.83286275342107,144.9788086116314,37.77921,52.60000000000002,2763,9.1044,9104.4,,86,0.5,22,2017-10-14 23:57:02,Australia/Melbourne
2017-10-15 10:57:09+11:00,-37.832975992932916,144.97899569571018,37.8,52.60000000000002,2763,9.6732,9673.2,,87,0.5,22,2017-10-14 23:57:09,Australia/Melbourne
2017-10-15 10:57:17+11:00,-37.833058051764965,144.9792307242751,37.82273,52.60000000000002,2763,9.81,9810.0,,87,0.5,22,2017-10-14 23:57:17,Australia/Melbourne
2017-10-15 10:57:24+11:00,-37.83312728628516,144.97944815084338,37.84348000000001,52.200000000000045,2761,9.943200000000001,9943.2,,87,0.5,22,2017-10-14 23:57:24,Australia/Melbourne
2017-10-15 10:57:31+11:00,-37.83316584303975,144.979645377025,37.86135,52.0,2760,9.8424,9842.4,,87,0.5,22,2017-10-14 23:57:31,Australia/Melbourne
2017-10-15 10:57:40+11:00,-37.833241280168295,144.97988124378026,37.88379,51.60000000000002,2758,9.7416,9741.6,,88,0.5,22,2017-10-14 23:57:40,Australia/Melbourne
2017-10-15 10:57:42+11:00,-37.833244213834405,144.97994578443468,37.88942,51.60000000000002,2758,9.7416,9741.6,,88,0.5,22,2017-10-14 23:57:42,Australia/Melbourne
2017-10-15 10:57:50+11:00,-37.833260307088494,144.98019816353917,37.91165,51.200000000000045,2756,9.81,9810.0,,87,0.5,22,2017-10-14 23:57:50,Australia/Melbourne
2017-10-15 10:57:57+11:00,-37.833261815831065,144.98042388819158,37.93166,51.200000000000045,2756,9.8424,9842.4,,87,0.5,22,2017-10-14 23:57:57,Australia/Melbourne
2017-10-15 10:57:59+11:00,-37.833273466676474,144.98048298060894,37.93701,50.799999999999955,2754,9.8748,9874.800000000001,,87,0.5,22,2017-10-14 23:57:59,Australia/Melbourne
2017-10-15 10:58:07+11:00,-37.83328536897898,144.98072027228773,37.95797,50.799999999999955,2754,9.8424,9842.4,,87,0.5,22,2017-10-14 23:58:07,Australia/Melbourne
2017-10-15 10:58:16+11:00,-37.83329274505377,144.9809675384313,37.97982,50.60000000000002,2753,9.6408,9640.800000000001,,88,0.5,22,2017-10-14 23:58:16,Australia/Melbourne
2017-10-15 10:58:23+11:00,-37.8333031386137,144.98120072297752,38.00046,50.60000000000002,2753,9.709200000000001,9709.2,,87,0.5,22,2017-10-14 23:58:23,Australia/Melbourne
2017-10-15 10:58:26+11:00,-37.833314538002014,144.98129602521658,38.00896,50.39999999999998,2752,9.7416,9741.6,,87,0.5,23,2017-10-14 23:58:26,Australia/Melbourne
2017-10-15 10:58:34+11:00,-37.83334471285343,144.9815199058503,38.02904,50.799999999999955,2754,9.6408,9640.800000000001,,86,0.5,23,2017-10-14 23:58:34,Australia/Melbourne
2017-10-15 10:58:40+11:00,-37.83336172811687,144.98166365548968,38.0419,51.200000000000045,2756,9.4392,9439.2,,85,0.5,23,2017-10-14 23:58:40,Australia/Melbourne
2017-10-15 10:58:44+11:00,-37.83339408226311,144.98176289722323,38.051379999999995,51.60000000000002,2758,9.306000000000001,9306.0,,84,0.5,23,2017-10-14 23:58:44,Australia/Melbourne
2017-10-15 10:58:47+11:00,-37.83340916968882,144.98184889554977,38.05918,52.0,2760,9.2376,9237.6,,84,0.5,23,2017-10-14 23:58:47,Australia/Melbourne
2017-10-15 10:58:53+11:00,-37.83342467620969,144.98200580477715,38.072900000000004,53.0,2765,9.1044,9104.4,,85,0.0,23,2017-10-14 23:58:53,Australia/Melbourne
2017-10-15 10:59:00+11:00,-37.833465076982975,144.98214452527463,38.08602,54.0,2770,8.564400000000001,8564.4,,84,0.0,23,2017-10-14 23:59:00,Australia/Melbourne
2017-10-15 10:59:08+11:00,-37.83357655629516,144.98235499486327,38.10821,54.799999999999955,2774,8.9028,8902.800000000001,,83,0.0,23,2017-10-14 23:59:08,Australia/Melbourne
2017-10-15 10:59:11+11:00,-37.833631206303835,144.98243738897145,38.117650000000005,55.0,2775,9.4068,9406.800000000001,,85,0.0,23,2017-10-14 23:59:11,Australia/Melbourne
2017-10-15 10:59:19+11:00,-37.83380881883204,144.98255808837712,38.14057,55.200000000000045,2776,9.8748,9874.800000000001,,83,0.0,23,2017-10-14 23:59:19,Australia/Melbourne
2017-10-15 10:59:26+11:00,-37.833985425531864,144.98260997235775,38.1609,55.0,2775,10.044,10044.0,,86,0.5,23,2017-10-14 23:59:26,Australia/Melbourne
2017-10-15 10:59:30+11:00,-37.83406346105039,144.982539312914,38.17179,54.799999999999955,2774,9.8424,9842.4,,86,0.5,23,2017-10-14 23:59:30,Australia/Melbourne
2017-10-15 10:59:37+11:00,-37.83405650407076,144.98228517360985,38.19443,54.39999999999998,2772,10.245600000000001,10245.6,,86,0.5,23,2017-10-14 23:59:37,Australia/Melbourne
2017-10-15 10:59:44+11:00,-37.834047032520175,144.98205341398716,38.214870000000005,54.0,2770,10.3788,10378.800000000001,,86,0.5,23,2017-10-14 23:59:44,Australia/Melbourne
2017-10-15 10:59:52+11:00,-37.8340058773756,144.9818008672446,38.23759,53.0,2765,10.3788,10378.800000000001,,86,0.5,23,2017-10-14 23:59:52,Australia/Melbourne
2017-10-15 10:59:54+11:00,-37.83399833366275,144.98174001462758,38.243,53.0,2765,10.3788,10378.800000000001,,87,0.0,23,2017-10-14 23:59:54,Australia/Melbourne
2017-10-15 11:00:02+11:00,-37.8339818213135,144.9815101828426,38.26329,52.39999999999998,2762,10.2132,10213.2,,87,0.5,23,2017-10-15 00:00:02,Australia/Melbourne
2017-10-15 11:00:10+11:00,-37.83394284546375,144.98126417398453,38.285410000000006,52.200000000000045,2761,10.2132,10213.2,,87,0.5,23,2017-10-15 00:00:10,Australia/Melbourne
2017-10-15 11:00:13+11:00,-37.83394108526409,144.98117113485932,38.29355,52.0,2760,10.177200000000001,10177.2,,87,0.5,23,2017-10-15 00:00:13,Australia/Melbourne
2017-10-15 11:00:20+11:00,-37.833955166861415,144.98094256035984,38.313660000000006,51.60000000000002,2758,10.245600000000001,10245.6,,88,0.5,23,2017-10-15 00:00:20,Australia/Melbourne
2017-10-15 11:00:28+11:00,-37.833914682269096,144.9807141534984,38.33427,51.0,2755,10.1448,10144.800000000001,,87,0.5,23,2017-10-15 00:00:28,Australia/Melbourne
2017-10-15 11:00:36+11:00,-37.83386589959264,144.98048348352313,38.35532,51.39999999999998,2757,10.112400000000001,10112.4,,87,0.5,23,2017-10-15 00:00:36,Australia/Melbourne
2017-10-15 11:00:44+11:00,-37.83382675610483,144.9802608601749,38.37548,51.200000000000045,2756,9.943200000000001,9943.2,,86,0.5,23,2017-10-15 00:00:44,Australia/Melbourne
2017-10-15 11:00:49+11:00,-37.83381217159331,144.98011535033584,38.388349999999996,50.799999999999955,2754,9.8748,9874.800000000001,,86,0.5,23,2017-10-15 00:00:49,Australia/Melbourne
2017-10-15 11:00:57+11:00,-37.833791971206665,144.97987864539027,38.40933999999999,51.200000000000045,2756,9.8424,9842.4,,86,0.5,23,2017-10-15 00:00:57,Australia/Melbourne
2017-10-15 11:01:05+11:00,-37.83376665785909,144.97963070869446,38.43173,51.0,2755,9.8748,9874.800000000001,,85,0.5,23,2017-10-15 00:01:05,Australia/Melbourne
2017-10-15 11:01:17+11:00,-37.83373648300767,144.97938302345574,38.45412,50.799999999999955,2754,7.2216,7221.6,,78,0.0,22,2017-10-15 00:01:17,Australia/Melbourne
2017-10-15 11:01:20+11:00,-37.8337228205055,144.9792924989015,38.462230000000005,50.39999999999998,2752,9.370800000000001,9370.800000000001,,84,0.5,22,2017-10-15 00:01:20,Australia/Melbourne
2017-10-15 11:01:28+11:00,-37.83370085991919,144.97905830852687,38.48297,50.200000000000045,2751,9.3384,9338.4,,85,0.5,22,2017-10-15 00:01:28,Australia/Melbourne
2017-10-15 11:01:36+11:00,-37.833654675632715,144.97882244177163,38.50446,50.39999999999998,2752,9.6732,9673.2,,86,0.5,22,2017-10-15 00:01:36,Australia/Melbourne
2017-10-15 11:01:44+11:00,-37.83363154157996,144.97858565300703,38.525529999999996,50.200000000000045,2751,9.5076,9507.6,,85,0.5,22,2017-10-15 00:01:44,Australia/Melbourne
2017-10-15 11:01:49+11:00,-37.8336192201823,144.97843511402607,38.53885,50.0,2750,9.54,9540.0,,85,0.5,22,2017-10-15 00:01:49,Australia/Melbourne
2017-10-15 11:01:52+11:00,-37.83360656350851,144.9783508758992,38.54641,49.799999999999955,2749,9.471599999999999,9471.6,,85,0.5,22,2017-10-15 00:01:52,Australia/Melbourne
2017-10-15 11:02:01+11:00,-37.833578484132886,144.97812573798,38.56662,50.200000000000045,2751,9.1044,9104.4,,85,0.5,22,2017-10-15 00:02:01,Australia/Melbourne
2017-10-15 11:02:10+11:00,-37.833519307896495,144.97789213433862,38.58861,49.799999999999955,2749,9.0036,9003.6,,85,0.5,22,2017-10-15 00:02:10,Australia/Melbourne
2017-10-15 11:02:18+11:00,-37.833499778062105,144.9776502326131,38.61007,49.60000000000002,2748,9.0684,9068.4,,86,0.0,22,2017-10-15 00:02:18,Australia/Melbourne
2017-10-15 11:02:26+11:00,-37.83348678611219,144.97741864062846,38.63052,49.60000000000002,2748,9.0684,9068.4,,84,0.5,22,2017-10-15 00:02:26,Australia/Melbourne
2017-10-15 11:02:35+11:00,-37.83345812000334,144.97716777026653,38.65282,49.39999999999998,2747,9.036,9036.0,,84,0.0,22,2017-10-15 00:02:35,Australia/Melbourne
2017-10-15 11:02:41+11:00,-37.83344001509249,144.97700667008758,38.66711,48.799999999999955,2744,8.935200000000002,8935.2,,84,0.5,22,2017-10-15 00:02:41,Australia/Melbourne
2017-10-15 11:02:42+11:00,-37.833429370075464,144.97698169201612,38.66959,48.799999999999955,2744,8.935200000000002,8935.2,,84,0.5,22,2017-10-15 00:02:42,Australia/Melbourne
2017-10-15 11:02:44+11:00,-37.83341998234391,144.97693022713065,38.67425,48.799999999999955,2744,8.9028,8902.800000000001,,84,0.5,22,2017-10-15 00:02:44,Australia/Melbourne
2017-10-15 11:02:52+11:00,-37.8334033023566,144.97670433484018,38.694379999999995,48.200000000000045,2741,8.866800000000001,8866.800000000001,,84,0.5,22,2017-10-15 00:02:52,Australia/Melbourne
2017-10-15 11:03:00+11:00,-37.83338628709316,144.97647307813168,38.71483,48.0,2740,8.935200000000002,8935.2,,85,0.5,22,2017-10-15 00:03:00,Australia/Melbourne
2017-10-15 11:03:04+11:00,-37.83337480388582,144.97635665349662,38.72516,47.799999999999955,2739,8.967600000000001,8967.6,,85,0.5,22,2017-10-15 00:03:04,Australia/Melbourne
2017-10-15 11:03:10+11:00,-37.83335016109049,144.97619278728962,38.73993,47.200000000000045,2736,9.0036,9003.6,,84,0.5,22,2017-10-15 00:03:10,Australia/Melbourne
2017-10-15 11:03:17+11:00,-37.833151342347264,144.9761927034706,38.762260000000005,47.799999999999955,2739,10.177200000000001,10177.2,,85,0.0,22,2017-10-15 00:03:17,Australia/Melbourne
2017-10-15 11:03:24+11:00,-37.832956379279494,144.97623964212835,38.7843,48.39999999999998,2742,9.6084,9608.4,,85,0.0,22,2017-10-15 00:03:24,Australia/Melbourne
2017-10-15 11:03:32+11:00,-37.832784969359636,144.97632019221783,38.8046,48.799999999999955,2744,8.733600000000001,8733.6,,83,0.0,22,2017-10-15 00:03:32,Australia/Melbourne
2017-10-15 11:03:42+11:00,-37.83262294717133,144.9764268938452,38.82547,49.60000000000002,2748,8.1288,8128.8,,84,0.0,22,2017-10-15 00:03:42,Australia/Melbourne
2017-10-15 11:03:44+11:00,-37.832585480064154,144.97645036317408,38.83011,49.799999999999955,2749,8.028,8028.0,,83,0.0,22,2017-10-15 00:03:44,Australia/Melbourne
2017-10-15 11:03:53+11:00,-37.832408621907234,144.97655010782182,38.85165,50.60000000000002,2753,8.1288,8128.8,,84,0.5,22,2017-10-15 00:03:53,Australia/Melbourne
2017-10-15 11:03:55+11:00,-37.83236696384847,144.97656611725688,38.85647,51.0,2755,8.1288,8128.8,,84,0.0,22,2017-10-15 00:03:55,Australia/Melbourne
2017-10-15 11:04:02+11:00,-37.83221994526684,144.9766258802265,38.873650000000005,52.0,2760,8.1972,8197.2,,83,0.0,22,2017-10-15 00:04:02,Australia/Melbourne
2017-10-15 11:04:11+11:00,-37.832043590024114,144.97663971036673,38.89325,53.200000000000045,2766,8.1612,8161.2,,84,0.0,22,2017-10-15 00:04:11,Australia/Melbourne
2017-10-15 11:04:17+11:00,-37.83196714706719,144.97665052302182,38.90176,53.60000000000002,2768,5.6088000000000005,5608.8,,57,0.0,22,2017-10-15 00:04:17,Australia/Melbourne
2017-10-15 11:04:21+11:00,-37.83192657865584,144.97664666734636,38.90625,54.200000000000045,2771,4.0644,4064.4,,53,0.5,22,2017-10-15 00:04:21,Australia/Melbourne
2017-10-15 11:04:31+11:00,-37.83174251206219,144.97659771703184,38.92721,54.799999999999955,2774,7.9596,7959.6,,84,0.5,22,2017-10-15 00:04:31,Australia/Melbourne
2017-10-15 11:04:37+11:00,-37.831634134054184,144.9765841383487,38.93933,55.200000000000045,2776,7.29,7290.0,,85,0.5,22,2017-10-15 00:04:37,Australia/Melbourne
2017-10-15 11:04:44+11:00,-37.83147554844618,144.9765627644956,38.957010000000004,56.200000000000045,2781,7.757999999999999,7758.0,,86,0.5,22,2017-10-15 00:04:44,Australia/Melbourne
2017-10-15 11:04:51+11:00,-37.83129290677607,144.97655035927892,38.97738,56.60000000000002,2783,8.600399999999999,8600.4,,84,0.5,23,2017-10-15 00:04:51,Australia/Melbourne
2017-10-15 11:04:58+11:00,-37.831105990335345,144.97653560712934,38.99833,56.60000000000002,2783,9.5724,9572.4,,84,0.5,23,2017-10-15 00:04:58,Australia/Melbourne
2017-10-15 11:04:59+11:00,-37.83108000643551,144.97652286663651,39.001419999999996,56.799999999999955,2784,9.6408,9640.800000000001,,84,0.5,23,2017-10-15 00:04:59,Australia/Melbourne
2017-10-15 11:05:08+11:00,-37.83094706945121,144.97636042535305,39.0221,57.200000000000045,2786,8.866800000000001,8866.800000000001,,84,0.5,23,2017-10-15 00:05:08,Australia/Melbourne
2017-10-15 11:05:10+11:00,-37.830917313694954,144.9763145763427,39.02731,57.200000000000045,2786,8.866800000000001,8866.800000000001,,85,0.5,23,2017-10-15 00:05:10,Australia/Melbourne
2017-10-15 11:05:19+11:00,-37.830848498269916,144.976103939116,39.04735,58.0,2790,8.532,8532.0,,85,0.5,23,2017-10-15 00:05:19,Australia/Melbourne
2017-10-15 11:05:28+11:00,-37.83079544082284,144.9758715927601,39.068760000000005,58.0,2790,8.4636,8463.6,,86,0.5,23,2017-10-15 00:05:28,Australia/Melbourne
2017-10-15 11:05:30+11:00,-37.830775240436196,144.9758203793317,39.073800000000006,58.39999999999998,2792,8.4636,8463.6,,86,0.5,23,2017-10-15 00:05:30,Australia/Melbourne
2017-10-15 11:05:38+11:00,-37.83068463206291,144.9755870271474,39.09668,58.799999999999955,2794,8.766,8766.0,,86,0.5,23,2017-10-15 00:05:38,Australia/Melbourne
2017-10-15 11:05:46+11:00,-37.830601735040545,144.97536172159016,39.118559999999995,58.60000000000002,2793,9.036,9036.0,,85,0.5,23,2017-10-15 00:05:46,Australia/Melbourne
2017-10-15 11:05:53+11:00,-37.8305625077337,144.97516684234142,39.136230000000005,59.39999999999998,2797,9.036,9036.0,,84,0.5,23,2017-10-15 00:05:53,Australia/Melbourne
2017-10-15 11:06:01+11:00,-37.8305228613317,144.9749292153865,39.157599999999995,59.799999999999955,2799,9.306000000000001,9306.0,,86,0.5,23,2017-10-15 00:06:01,Australia/Melbourne
2017-10-15 11:06:08+11:00,-37.83041230402887,144.97473953291774,39.17849,59.799999999999955,2799,9.709200000000001,9709.2,,88,0.5,23,2017-10-15 00:06:08,Australia/Melbourne
2017-10-15 11:06:15+11:00,-37.830261681228876,144.97458865866065,39.19981,59.39999999999998,2797,10.314000000000002,10314.0,,87,0.5,23,2017-10-15 00:06:15,Australia/Melbourne
2017-10-15 11:06:22+11:00,-37.830113572999835,144.97444834560156,39.22037,59.39999999999998,2797,10.4796,10479.6,,86,0.5,23,2017-10-15 00:06:22,Australia/Melbourne
2017-10-15 11:06:30+11:00,-37.82994534820318,144.97430845163763,39.242839999999994,58.39999999999998,2792,10.346400000000001,10346.4,,85,0.5,23,2017-10-15 00:06:30,Australia/Melbourne
2017-10-15 11:06:32+11:00,-37.82989036291838,144.97428129427135,39.2494,58.39999999999998,2792,10.3788,10378.800000000001,,85,0.5,23,2017-10-15 00:06:32,Australia/Melbourne
2017-10-15 11:06:39+11:00,-37.82970009371638,144.97420962899923,39.271519999999995,58.0,2790,10.580400000000001,10580.4,,86,0.5,23,2017-10-15 00:06:39,Australia/Melbourne
2017-10-15 11:06:46+11:00,-37.82952273264527,144.97416403144598,39.29166,57.39999999999998,2787,10.6128,10612.800000000001,,87,0.5,23,2017-10-15 00:06:46,Australia/Melbourne
2017-10-15 11:06:49+11:00,-37.82944888807833,144.9741609301418,39.29985,57.39999999999998,2787,10.5156,10515.6,,87,0.5,23,2017-10-15 00:06:49,Australia/Melbourne
2017-10-15 11:06:57+11:00,-37.82927663996816,144.97412539087236,39.31925,56.200000000000045,2781,10.177200000000001,10177.2,,86,0.5,23,2017-10-15 00:06:57,Australia/Melbourne
2017-10-15 11:07:06+11:00,-37.82910514622927,144.97405447997153,39.33934,56.0,2780,9.5724,9572.4,,87,0.5,23,2017-10-15 00:07:06,Australia/Melbourne
2017-10-15 11:07:14+11:00,-37.82893633469939,144.9739769473672,39.35931,55.200000000000045,2776,9.3384,9338.4,,85,0.5,23,2017-10-15 00:07:14,Australia/Melbourne
2017-10-15 11:07:22+11:00,-37.828757129609585,144.9738694075495,39.381339999999994,54.799999999999955,2774,9.7416,9741.6,,87,0.5,23,2017-10-15 00:07:22,Australia/Melbourne
2017-10-15 11:07:29+11:00,-37.828603740781546,144.97378131374717,39.40007,54.0,2770,9.6408,9640.800000000001,,87,0.5,23,2017-10-15 00:07:29,Australia/Melbourne
2017-10-15 11:07:36+11:00,-37.8284402936697,144.97364988550544,39.42164,53.60000000000002,2768,9.8748,9874.800000000001,,85,0.5,23,2017-10-15 00:07:36,Australia/Melbourne
2017-10-15 11:07:42+11:00,-37.82831473276019,144.9735260847956,39.43933,53.0,2765,9.9756,9975.6,,87,0.5,23,2017-10-15 00:07:42,Australia/Melbourne
2017-10-15 11:07:49+11:00,-37.828160589560866,144.97339750640094,39.45986,52.39999999999998,2762,10.1448,10144.800000000001,,87,0.5,23,2017-10-15 00:07:49,Australia/Melbourne
2017-10-15 11:07:54+11:00,-37.82806503586471,144.97329239733517,39.47397,51.799999999999955,2759,10.177200000000001,10177.2,,87,0.5,23,2017-10-15 00:07:54,Australia/Melbourne
2017-10-15 11:08:02+11:00,-37.82791449688375,144.97314655222,39.49504,51.200000000000045,2756,10.112400000000001,10112.4,,86,0.5,23,2017-10-15 00:08:02,Australia/Melbourne
2017-10-15 11:08:09+11:00,-37.82779128290713,144.9730107653886,39.51321,50.799999999999955,2754,9.9756,9975.6,,86,0.5,23,2017-10-15 00:08:09,Australia/Melbourne
2017-10-15 11:08:17+11:00,-37.82764074392617,144.9728608969599,39.53454,50.60000000000002,2753,9.943200000000001,9943.2,,87,0.5,23,2017-10-15 00:08:17,Australia/Melbourne
2017-10-15 11:08:25+11:00,-37.82749280333519,144.97270700521767,39.55592,50.200000000000045,2751,9.8424,9842.4,,86,0.5,23,2017-10-15 00:08:25,Australia/Melbourne
2017-10-15 11:08:27+11:00,-37.827463215216994,144.97267020866275,39.56054,49.60000000000002,2748,9.81,9810.0,,86,0.5,23,2017-10-15 00:08:27,Australia/Melbourne
2017-10-15 11:08:35+11:00,-37.82729926519096,144.9725619982928,39.58108,48.799999999999955,2744,9.6408,9640.800000000001,,87,0.5,23,2017-10-15 00:08:35,Australia/Melbourne
2017-10-15 11:08:42+11:00,-37.827127017080784,144.97247725725174,39.60168,49.200000000000045,2746,9.7416,9741.6,,87,0.5,23,2017-10-15 00:08:42,Australia/Melbourne
2017-10-15 11:08:46+11:00,-37.827027440071106,144.97243207879364,39.61345,48.60000000000002,2743,9.8424,9842.4,,85,0.5,23,2017-10-15 00:08:46,Australia/Melbourne
2017-10-15 11:08:53+11:00,-37.826852006837726,144.97237575240433,39.63363,48.39999999999998,2742,9.9108,9910.800000000001,,86,0.5,23,2017-10-15 00:08:53,Australia/Melbourne
2017-10-15 11:09:01+11:00,-37.826675567775965,144.97225890867412,39.65587,48.200000000000045,2741,9.9756,9975.6,,86,0.5,23,2017-10-15 00:09:01,Australia/Melbourne
2017-10-15 11:09:07+11:00,-37.826558807864785,144.97215539216995,39.67176,47.39999999999998,2737,10.011600000000001,10011.6,,86,0.5,23,2017-10-15 00:09:07,Australia/Melbourne
2017-10-15 11:09:16+11:00,-37.82644280232489,144.9719554837793,39.69365,46.39999999999998,2732,9.774,9774.0,,84,0.5,23,2017-10-15 00:09:16,Australia/Melbourne
2017-10-15 11:09:23+11:00,-37.8263542894274,144.97178801335394,39.71138,45.39999999999998,2727,9.6084,9608.4,,87,0.5,23,2017-10-15 00:09:23,Australia/Melbourne
2017-10-15 11:09:30+11:00,-37.82625462859869,144.97161760926247,39.730019999999996,44.39999999999998,2722,9.5724,9572.4,,87,0.5,23,2017-10-15 00:09:30,Australia/Melbourne
2017-10-15 11:09:37+11:00,-37.826072070747614,144.97153613716364,39.752050000000004,44.39999999999998,2722,9.9108,9910.800000000001,,86,0.5,23,2017-10-15 00:09:37,Australia/Melbourne
2017-10-15 11:09:44+11:00,-37.8258777782321,144.97145432978868,39.77485,43.60000000000002,2718,10.177200000000001,10177.2,,87,0.5,23,2017-10-15 00:09:44,Australia/Melbourne
2017-10-15 11:09:49+11:00,-37.8257361240685,144.9714057147503,39.79114,43.39999999999998,2717,10.346400000000001,10346.4,,87,0.5,23,2017-10-15 00:09:49,Australia/Melbourne
2017-10-15 11:09:56+11:00,-37.82556219957769,144.97132658958435,39.811699999999995,43.200000000000045,2716,10.3788,10378.800000000001,,85,0.5,23,2017-10-15 00:09:56,Australia/Melbourne
2017-10-15 11:10:03+11:00,-37.82536773942411,144.97124360874295,39.83452,43.200000000000045,2716,10.5156,10515.6,,86,0.5,23,2017-10-15 00:10:03,Australia/Melbourne
2017-10-15 11:10:10+11:00,-37.82518249936402,144.97116456739604,39.85629,43.0,2715,10.6128,10612.800000000001,,86,0.5,23,2017-10-15 00:10:10,Australia/Melbourne
2017-10-15 11:10:22+11:00,-37.82503120601177,144.97109089046717,39.874489999999994,43.39999999999998,2717,4.8384,4838.400000000001,,60,0.0,23,2017-10-15 00:10:22,Australia/Melbourne
2017-10-15 11:10:40+11:00,-37.824872033670545,144.97096130624413,39.89525,42.60000000000002,2713,4.8708,4870.8,,55,0.0,23,2017-10-15 00:10:40,Australia/Melbourne
2017-10-15 11:10:56+11:00,-37.82469064928591,144.97088687494397,39.91643,42.60000000000002,2713,4.9392000000000005,4939.2,,58,0.5,23,2017-10-15 00:10:56,Australia/Melbourne
2017-10-15 11:11:12+11:00,-37.824513455852866,144.9708769004792,39.93562,42.60000000000002,2713,4.7016,4701.6,,0,0.0,23,2017-10-15 00:11:12,Australia/Melbourne
2017-10-15 11:11:21+11:00,-37.82434464432299,144.97079106979072,39.955870000000004,42.200000000000045,2711,8.9028,8902.800000000001,,86,0.5,23,2017-10-15 00:11:21,Australia/Melbourne
2017-10-15 11:11:30+11:00,-37.82416141591966,144.97072694823146,39.97699,42.39999999999998,2712,8.632800000000001,8632.800000000001,,87,0.5,23,2017-10-15 00:11:30,Australia/Melbourne
2017-10-15 11:11:31+11:00,-37.82413987442851,144.970715129748,39.9796,42.200000000000045,2711,8.6652,8665.2,,88,0.5,23,2017-10-15 00:11:31,Australia/Melbourne
2017-10-15 11:11:39+11:00,-37.82396083697677,144.97064413502812,40.00049,42.200000000000045,2711,9.1368,9136.800000000001,,86,0.5,23,2017-10-15 00:11:39,Australia/Melbourne
2017-10-15 11:11:47+11:00,-37.82377425581217,144.97057649306953,40.02207,42.0,2710,9.370800000000001,9370.800000000001,,87,0.5,23,2017-10-15 00:11:47,Australia/Melbourne
2017-10-15 11:11:56+11:00,-37.823592368513346,144.97048278339207,40.04392,42.0,2710,9.306000000000001,9306.0,,87,0.5,23,2017-10-15 00:11:56,Australia/Melbourne
2017-10-15 11:12:04+11:00,-37.82342699356377,144.97035487554967,40.06555,41.60000000000002,2708,9.4392,9439.2,,86,0.5,23,2017-10-15 00:12:04,Australia/Melbourne
2017-10-15 11:12:12+11:00,-37.8232788015157,144.97022654861212,40.08557,41.799999999999955,2709,9.4068,9406.800000000001,,87,0.5,23,2017-10-15 00:12:12,Australia/Melbourne
2017-10-15 11:12:20+11:00,-37.82311267219484,144.97012311592698,40.10613,41.799999999999955,2709,9.306000000000001,9306.0,,86,0.5,23,2017-10-15 00:12:20,Australia/Melbourne
2017-10-15 11:12:28+11:00,-37.82294520176947,144.97003326192498,40.12633,42.0,2710,9.370800000000001,9370.800000000001,,87,0.5,23,2017-10-15 00:12:28,Australia/Melbourne
2017-10-15 11:12:36+11:00,-37.82276574522257,144.9699429050088,40.14783,42.0,2710,9.4068,9406.800000000001,,87,0.5,23,2017-10-15 00:12:36,Australia/Melbourne
2017-10-15 11:12:43+11:00,-37.82258561812341,144.96984106488526,40.169669999999996,41.799999999999955,2709,9.6084,9608.4,,87,0.5,23,2017-10-15 00:12:43,Australia/Melbourne
2017-10-15 11:12:50+11:00,-37.822400126606226,144.9697576649487,40.19154,42.39999999999998,2712,9.81,9810.0,,87,0.5,23,2017-10-15 00:12:50,Australia/Melbourne
2017-10-15 11:12:58+11:00,-37.82222620211542,144.96967510320246,40.21222,42.60000000000002,2713,9.7416,9741.6,,86,0.5,23,2017-10-15 00:12:58,Australia/Melbourne
2017-10-15 11:13:06+11:00,-37.822051690891385,144.96960855089128,40.23247,42.39999999999998,2712,9.6408,9640.800000000001,,86,0.5,23,2017-10-15 00:13:06,Australia/Melbourne
2017-10-15 11:13:15+11:00,-37.821865025907755,144.96952079236507,40.254580000000004,42.60000000000002,2713,9.4392,9439.2,,86,0.5,23,2017-10-15 00:13:15,Australia/Melbourne
2017-10-15 11:13:23+11:00,-37.82168875448406,144.969438649714,40.27547,42.39999999999998,2712,9.4392,9439.2,,86,0.5,23,2017-10-15 00:13:23,Australia/Melbourne
2017-10-15 11:13:32+11:00,-37.82150108367205,144.96936371549964,40.29732,42.39999999999998,2712,9.3384,9338.4,,86,0.5,23,2017-10-15 00:13:32,Australia/Melbourne
2017-10-15 11:13:40+11:00,-37.82133369706571,144.96923136524856,40.319379999999995,42.60000000000002,2713,9.370800000000001,9370.800000000001,,85,0.5,23,2017-10-15 00:13:40,Australia/Melbourne
2017-10-15 11:13:49+11:00,-37.82114837318659,144.9691624660045,40.34105,42.60000000000002,2713,9.270000000000001,9270.0,,85,0.5,22,2017-10-15 00:13:49,Australia/Melbourne
2017-10-15 11:13:56+11:00,-37.82095701433718,144.96910714544356,40.36289,43.0,2715,9.54,9540.0,,85,0.5,22,2017-10-15 00:13:56,Australia/Melbourne
2017-10-15 11:13:58+11:00,-37.820903370156884,144.96909339912236,40.36893,43.39999999999998,2717,9.7416,9741.6,,85,0.5,22,2017-10-15 00:13:58,Australia/Melbourne
2017-10-15 11:14:06+11:00,-37.8207125980407,144.96905526146293,40.39032,43.799999999999955,2719,9.7416,9741.6,,87,0.5,22,2017-10-15 00:14:06,Australia/Melbourne
2017-10-15 11:14:15+11:00,-37.820529621094465,144.96899851597846,40.41122,43.39999999999998,2717,8.9028,8902.800000000001,,86,0.5,22,2017-10-15 00:14:15,Australia/Melbourne
2017-10-15 11:14:23+11:00,-37.820353182032704,144.96890069916844,40.432610000000004,43.60000000000002,2718,9.270000000000001,9270.0,,86,0.5,22,2017-10-15 00:14:23,Australia/Melbourne
2017-10-15 11:14:31+11:00,-37.820172384381294,144.96877706609666,40.45546,43.799999999999955,2719,9.5076,9507.6,,86,0.5,22,2017-10-15 00:14:31,Australia/Melbourne
2017-10-15 11:14:38+11:00,-37.81999728642404,144.96867606416345,40.47685,44.0,2720,9.9108,9910.800000000001,,85,0.5,23,2017-10-15 00:14:38,Australia/Melbourne
2017-10-15 11:14:44+11:00,-37.81983694061637,144.96859115548432,40.49617,44.39999999999998,2722,10.044,10044.0,,87,0.5,23,2017-10-15 00:14:44,Australia/Melbourne
2017-10-15 11:14:53+11:00,-37.81964776106179,144.96850004419684,40.51868,44.39999999999998,2722,9.9108,9910.800000000001,,85,0.5,23,2017-10-15 00:14:53,Australia/Melbourne
2017-10-15 11:15:01+11:00,-37.81946453265846,144.96841153129935,40.54047,44.39999999999998,2722,9.943200000000001,9943.2,,84,0.5,23,2017-10-15 00:15:01,Australia/Melbourne
2017-10-15 11:15:09+11:00,-37.819277783855796,144.96834171004593,40.56209,44.39999999999998,2722,9.8748,9874.800000000001,,86,0.5,23,2017-10-15 00:15:09,Australia/Melbourne
2017-10-15 11:15:18+11:00,-37.81908256933093,144.96827851049602,40.58452,44.39999999999998,2722,9.6732,9673.2,,86,0.5,23,2017-10-15 00:15:18,Australia/Melbourne
2017-10-15 11:15:25+11:00,-37.818911243230104,144.96819351799786,40.604949999999995,44.200000000000045,2721,9.774,9774.0,,86,0.5,23,2017-10-15 00:15:25,Australia/Melbourne
2017-10-15 11:15:33+11:00,-37.8187317866832,144.96812562458217,40.625800000000005,44.200000000000045,2721,9.774,9774.0,,86,0.5,23,2017-10-15 00:15:33,Australia/Melbourne
2017-10-15 11:15:41+11:00,-37.81854269094765,144.96806929819286,40.64736,44.60000000000002,2723,9.774,9774.0,,86,0.5,23,2017-10-15 00:15:41,Australia/Melbourne
2017-10-15 11:15:49+11:00,-37.8183607198298,144.96797407977283,40.66935,44.799999999999955,2724,9.7416,9741.6,,86,0.5,23,2017-10-15 00:15:49,Australia/Melbourne
2017-10-15 11:15:56+11:00,-37.81818394549191,144.96787710115314,40.69074,44.799999999999955,2724,10.0764,10076.4,,84,0.5,23,2017-10-15 00:15:56,Australia/Melbourne
2017-10-15 11:16:03+11:00,-37.8179944306612,144.96778473258018,40.71341,44.60000000000002,2723,10.882800000000001,10882.800000000001,,86,0.5,23,2017-10-15 00:16:03,Australia/Melbourne
2017-10-15 11:16:11+11:00,-37.81781933270395,144.9676986504346,40.734300000000005,44.200000000000045,2721,10.112400000000001,10112.4,,87,0.5,23,2017-10-15 00:16:11,Australia/Melbourne
2017-10-15 11:16:21+11:00,-37.81763358972967,144.96759597212076,40.75687,43.39999999999998,2717,9.4392,9439.2,,85,0.5,23,2017-10-15 00:16:21,Australia/Melbourne
2017-10-15 11:16:22+11:00,-37.81761028803885,144.9675918649882,40.75948,43.200000000000045,2716,9.5076,9507.6,,85,0.5,23,2017-10-15 00:16:22,Australia/Melbourne
2017-10-15 11:16:29+11:00,-37.81744114123285,144.96770795434713,40.78166,42.799999999999955,2714,10.177200000000001,10177.2,,86,0.5,23,2017-10-15 00:16:29,Australia/Melbourne
2017-10-15 11:16:35+11:00,-37.81730988062918,144.96789914555848,40.80366,43.0,2715,11.185200000000002,11185.2,,86,0.5,23,2017-10-15 00:16:35,Australia/Melbourne
2017-10-15 11:16:42+11:00,-37.817215751856565,144.96809729374945,40.823910000000005,43.39999999999998,2717,10.882800000000001,10882.800000000001,,85,0.5,23,2017-10-15 00:16:42,Australia/Melbourne
2017-10-15 11:16:50+11:00,-37.81712740659714,144.968299632892,40.844480000000004,43.60000000000002,2718,10.177200000000001,10177.2,,84,0.5,23,2017-10-15 00:16:50,Australia/Melbourne
2017-10-15 11:16:58+11:00,-37.817011987790465,144.96849367395043,40.86595,44.0,2720,10.177200000000001,10177.2,,84,0.5,23,2017-10-15 00:16:58,Australia/Melbourne
2017-10-15 11:17:06+11:00,-37.81691651791334,144.96867690235376,40.88597,44.200000000000045,2721,9.9108,9910.800000000001,,84,0.5,23,2017-10-15 00:17:06,Australia/Melbourne
2017-10-15 11:17:14+11:00,-37.81683521345258,144.96889759786427,40.90755,44.200000000000045,2721,9.943200000000001,9943.2,,86,0.5,23,2017-10-15 00:17:14,Australia/Melbourne
2017-10-15 11:17:18+11:00,-37.8167943097651,144.9690020363778,40.91786,44.39999999999998,2722,9.8748,9874.800000000001,,85,0.5,23,2017-10-15 00:17:18,Australia/Melbourne
2017-10-15 11:17:26+11:00,-37.816724656149745,144.9692161101848,40.93839,45.0,2725,9.7416,9741.6,,86,0.5,23,2017-10-15 00:17:26,Australia/Melbourne
2017-10-15 11:17:35+11:00,-37.81668618321419,144.9694629572332,40.960519999999995,45.39999999999998,2727,9.6084,9608.4,,84,0.5,23,2017-10-15 00:17:35,Australia/Melbourne
2017-10-15 11:17:39+11:00,-37.81666128896177,144.96958063915372,40.97126,45.39999999999998,2727,9.6084,9608.4,,85,0.5,23,2017-10-15 00:17:39,Australia/Melbourne
2017-10-15 11:17:43+11:00,-37.81665097922087,144.9697156716138,40.983059999999995,45.60000000000002,2728,9.6732,9673.2,,84,0.5,23,2017-10-15 00:17:43,Australia/Melbourne
2017-10-15 11:17:49+11:00,-37.81664469279349,144.96991214342415,41.000769999999996,45.799999999999955,2729,9.774,9774.0,,84,0.5,23,2017-10-15 00:17:49,Australia/Melbourne
2017-10-15 11:17:57+11:00,-37.816550899297,144.97012068517506,41.02321,46.200000000000045,2731,9.8424,9842.4,,84,0.0,23,2017-10-15 00:17:57,Australia/Melbourne
2017-10-15 11:18:05+11:00,-37.81655643135309,144.97035395354033,41.04436,46.39999999999998,2732,9.8748,9874.800000000001,,84,0.5,23,2017-10-15 00:18:05,Australia/Melbourne
2017-10-15 11:18:14+11:00,-37.81650127843022,144.970585629344,41.06592,46.60000000000002,2733,9.6084,9608.4,,84,0.5,23,2017-10-15 00:18:14,Australia/Melbourne
2017-10-15 11:18:22+11:00,-37.816422739997506,144.97079039923847,41.08597,46.799999999999955,2734,9.5076,9507.6,,86,0.5,23,2017-10-15 00:18:22,Australia/Melbourne
2017-10-15 11:18:30+11:00,-37.816316625103354,144.97099064290524,41.10709,47.200000000000045,2736,9.5076,9507.6,,84,0.5,23,2017-10-15 00:18:30,Australia/Melbourne
2017-10-15 11:18:38+11:00,-37.8162038885057,144.97119214385748,41.12884,47.60000000000002,2738,9.4068,9406.800000000001,,85,0.5,23,2017-10-15 00:18:38,Australia/Melbourne
2017-10-15 11:18:46+11:00,-37.81615267507732,144.97142499312758,41.1501,47.799999999999955,2739,9.4068,9406.800000000001,,85,0.5,24,2017-10-15 00:18:46,Australia/Melbourne
2017-10-15 11:18:54+11:00,-37.81609408557415,144.97165222652256,41.17132,48.0,2740,9.471599999999999,9471.6,,84,0.5,24,2017-10-15 00:18:54,Australia/Melbourne
2017-10-15 11:19:03+11:00,-37.816006913781166,144.971878034994,41.19362,47.799999999999955,2739,9.3384,9338.4,,84,0.5,24,2017-10-15 00:19:03,Australia/Melbourne
2017-10-15 11:19:11+11:00,-37.81594639644027,144.97210199944675,41.21447,48.39999999999998,2742,9.3384,9338.4,,85,0.5,24,2017-10-15 00:19:11,Australia/Melbourne
2017-10-15 11:19:15+11:00,-37.815925274044275,144.9722184240818,41.22499,48.60000000000002,2743,9.370800000000001,9370.800000000001,,84,0.5,24,2017-10-15 00:19:15,Australia/Melbourne
2017-10-15 11:19:22+11:00,-37.81587112694979,144.97243635356426,41.24512,49.0,2745,9.471599999999999,9471.6,,84,0.5,24,2017-10-15 00:19:22,Australia/Melbourne
2017-10-15 11:19:30+11:00,-37.81581815332174,144.97265294194221,41.26515,49.0,2745,9.471599999999999,9471.6,,84,0.5,24,2017-10-15 00:19:30,Australia/Melbourne
2017-10-15 11:19:38+11:00,-37.81581371091306,144.9729002919048,41.28693,49.39999999999998,2747,9.471599999999999,9471.6,,85,0.5,24,2017-10-15 00:19:38,Australia/Melbourne
2017-10-15 11:19:47+11:00,-37.81571731902659,144.9731050617993,41.308150000000005,49.60000000000002,2748,9.370800000000001,9370.800000000001,,85,0.0,24,2017-10-15 00:19:47,Australia/Melbourne
2017-10-15 11:19:56+11:00,-37.815621262416244,144.97332491911948,41.33041,50.200000000000045,2751,9.2376,9237.6,,86,0.5,24,2017-10-15 00:19:56,Australia/Melbourne
2017-10-15 11:20:04+11:00,-37.81553266569972,144.97350412420928,41.34899,50.60000000000002,2753,9.1368,9136.800000000001,,85,0.0,24,2017-10-15 00:20:04,Australia/Melbourne
2017-10-15 11:20:12+11:00,-37.815553955733776,144.97374057769775,41.370110000000004,50.799999999999955,2754,9.1044,9104.4,,85,0.5,24,2017-10-15 00:20:12,Australia/Melbourne
2017-10-15 11:20:18+11:00,-37.8156319912523,144.9739906936884,41.39339,50.799999999999955,2754,9.774,9774.0,,86,0.5,24,2017-10-15 00:20:18,Australia/Melbourne
2017-10-15 11:20:22+11:00,-37.815718995407224,144.97420619241893,41.41425,51.0,2755,10.4796,10479.6,,86,0.5,24,2017-10-15 00:20:22,Australia/Melbourne
2017-10-15 11:20:29+11:00,-37.81578814610839,144.97444197535515,41.436260000000004,51.0,2755,10.648800000000001,10648.800000000001,,86,0.5,24,2017-10-15 00:20:29,Australia/Melbourne
2017-10-15 11:20:37+11:00,-37.81583357602358,144.9746831227094,41.45808,49.799999999999955,2749,10.1448,10144.800000000001,,87,0.5,24,2017-10-15 00:20:37,Australia/Melbourne
2017-10-15 11:20:38+11:00,-37.81584195792675,144.97472050599754,41.4615,49.60000000000002,2748,10.1448,10144.800000000001,,87,0.5,24,2017-10-15 00:20:38,Australia/Melbourne
2017-10-15 11:20:44+11:00,-37.815871965140104,144.97490742243826,41.478370000000005,48.39999999999998,2742,10.278,10278.0,,85,0.5,24,2017-10-15 00:20:44,Australia/Melbourne
2017-10-15 11:20:52+11:00,-37.81592535786331,144.97512334026396,41.49827,47.39999999999998,2737,9.774,9774.0,,87,0.5,24,2017-10-15 00:20:52,Australia/Melbourne
2017-10-15 11:20:59+11:00,-37.81592351384461,144.975356021896,41.51892,46.799999999999955,2734,9.9108,9910.800000000001,,88,0.5,24,2017-10-15 00:20:59,Australia/Melbourne
2017-10-15 11:21:04+11:00,-37.815937008708715,144.97551184147596,41.532830000000004,46.39999999999998,2732,9.943200000000001,9943.2,,87,0.5,24,2017-10-15 00:21:04,Australia/Melbourne
2017-10-15 11:21:09+11:00,-37.815957963466644,144.97567201964557,41.54714,45.39999999999998,2727,10.011600000000001,10011.6,,86,0.5,24,2017-10-15 00:21:09,Australia/Melbourne
2017-10-15 11:21:18+11:00,-37.815984450280666,144.97592071071267,41.56929,45.39999999999998,2727,9.774,9774.0,,86,0.5,24,2017-10-15 00:21:18,Australia/Melbourne
2017-10-15 11:21:24+11:00,-37.81599819660187,144.97609765268862,41.58481,44.39999999999998,2722,9.7416,9741.6,,87,0.5,24,2017-10-15 00:21:24,Australia/Melbourne
2017-10-15 11:21:26+11:00,-37.81600230373442,144.97614903375506,41.5893,44.39999999999998,2722,9.6408,9640.800000000001,,86,0.5,24,2017-10-15 00:21:26,Australia/Melbourne
2017-10-15 11:21:33+11:00,-37.816034238785505,144.9763716571033,41.60961,43.799999999999955,2719,9.6732,9673.2,,88,0.5,24,2017-10-15 00:21:33,Australia/Melbourne
2017-10-15 11:21:34+11:00,-37.81604035757482,144.97639931738377,41.612120000000004,43.799999999999955,2719,9.6732,9673.2,,88,0.5,24,2017-10-15 00:21:34,Australia/Melbourne
2017-10-15 11:21:42+11:00,-37.816066425293684,144.97664381749928,41.63382,43.60000000000002,2718,9.6732,9673.2,,86,0.5,24,2017-10-15 00:21:42,Australia/Melbourne
2017-10-15 11:21:47+11:00,-37.81609349884093,144.97677776031196,41.646,43.39999999999998,2717,9.54,9540.0,,86,0.5,24,2017-10-15 00:21:47,Australia/Melbourne
2017-10-15 11:21:54+11:00,-37.81612040475011,144.97700373642147,41.66611,43.200000000000045,2716,9.5724,9572.4,,87,0.5,24,2017-10-15 00:21:54,Australia/Melbourne
2017-10-15 11:22:02+11:00,-37.81616818159819,144.9772380106151,41.68743,43.200000000000045,2716,9.54,9540.0,,87,0.5,24,2017-10-15 00:22:02,Australia/Melbourne
2017-10-15 11:22:10+11:00,-37.81620581634343,144.97747387737036,41.70867,43.200000000000045,2716,9.5076,9507.6,,87,0.5,24,2017-10-15 00:22:10,Australia/Melbourne
2017-10-15 11:22:18+11:00,-37.816232051700354,144.97771745547652,41.7303,43.200000000000045,2716,9.5076,9507.6,,86,0.5,24,2017-10-15 00:22:18,Australia/Melbourne
2017-10-15 11:22:26+11:00,-37.816275553777814,144.97795348986983,41.75165,42.799999999999955,2714,9.54,9540.0,,88,0.5,24,2017-10-15 00:22:26,Australia/Melbourne
2017-10-15 11:22:30+11:00,-37.816279996186495,144.978072848171,41.76214,43.0,2715,9.54,9540.0,,86,0.5,24,2017-10-15 00:22:30,Australia/Melbourne
2017-10-15 11:22:39+11:00,-37.81631117686629,144.97831986285746,41.78431,43.200000000000045,2716,9.370800000000001,9370.800000000001,,87,0.5,24,2017-10-15 00:22:39,Australia/Melbourne
2017-10-15 11:22:46+11:00,-37.81633506529033,144.97855019755661,41.804919999999996,43.200000000000045,2716,9.471599999999999,9471.6,,87,0.5,24,2017-10-15 00:22:46,Australia/Melbourne
2017-10-15 11:22:53+11:00,-37.816416788846254,144.97879344038665,41.82814,43.0,2715,10.011600000000001,10011.6,,86,0.5,24,2017-10-15 00:22:53,Australia/Melbourne
2017-10-15 11:22:59+11:00,-37.816583001986146,144.97889419086277,41.8494,43.0,2715,10.9512,10951.2,,86,0.5,24,2017-10-15 00:22:59,Australia/Melbourne
2017-10-15 11:23:07+11:00,-37.81678601168096,144.97890064492822,41.87199,42.60000000000002,2713,10.245600000000001,10245.6,,87,0.5,24,2017-10-15 00:23:07,Australia/Melbourne
2017-10-15 11:23:14+11:00,-37.81697988510132,144.9788665305823,41.893769999999996,42.39999999999998,2712,10.245600000000001,10245.6,,87,0.5,24,2017-10-15 00:23:14,Australia/Melbourne
2017-10-15 11:23:16+11:00,-37.81703369691968,144.97886074706912,41.89977,42.39999999999998,2712,10.346400000000001,10346.4,,87,0.5,24,2017-10-15 00:23:16,Australia/Melbourne
2017-10-15 11:23:24+11:00,-37.81722337938845,144.97881146147847,41.92139,41.799999999999955,2709,10.177200000000001,10177.2,,87,0.5,24,2017-10-15 00:23:24,Australia/Melbourne
2017-10-15 11:23:31+11:00,-37.81740945763886,144.97876670211554,41.942629999999994,41.60000000000002,2708,10.245600000000001,10245.6,,87,0.5,24,2017-10-15 00:23:31,Australia/Melbourne
2017-10-15 11:23:33+11:00,-37.81746461056173,144.97875387780368,41.94886,41.200000000000045,2706,10.314000000000002,10314.0,,86,0.5,24,2017-10-15 00:23:33,Australia/Melbourne
2017-10-15 11:23:41+11:00,-37.81765538267791,144.97871649451554,41.97073,41.0,2705,10.1448,10144.800000000001,,88,0.5,24,2017-10-15 00:23:41,Australia/Melbourne
2017-10-15 11:23:49+11:00,-37.81784322112799,144.97869478538632,41.99215,40.60000000000002,2703,10.1448,10144.800000000001,,87,0.5,24,2017-10-15 00:23:49,Australia/Melbourne
2017-10-15 11:23:53+11:00,-37.817912958562374,144.97864097356796,42.00102,40.39999999999998,2702,10.044,10044.0,,86,0.5,24,2017-10-15 00:23:53,Australia/Melbourne
2017-10-15 11:23:59+11:00,-37.81808327883482,144.97869989834726,42.021370000000005,40.60000000000002,2703,10.0764,10076.4,,86,0.5,24,2017-10-15 00:23:59,Australia/Melbourne
2017-10-15 11:24:06+11:00,-37.818265333771706,144.97868506237864,42.041959999999996,40.60000000000002,2703,10.245600000000001,10245.6,,87,0.5,24,2017-10-15 00:24:06,Australia/Melbourne
2017-10-15 11:24:15+11:00,-37.81845468096435,144.97874180786312,42.064029999999995,40.799999999999955,2704,9.81,9810.0,,85,0.5,24,2017-10-15 00:24:15,Australia/Melbourne
2017-10-15 11:24:23+11:00,-37.818645453080535,144.97878841124475,42.085860000000004,41.0,2705,9.709200000000001,9709.2,,88,0.5,24,2017-10-15 00:24:23,Australia/Melbourne
2017-10-15 11:24:30+11:00,-37.81877654604614,144.9789465777576,42.10604,41.0,2705,9.6732,9673.2,,86,0.5,24,2017-10-15 00:24:30,Australia/Melbourne
2017-10-15 11:24:38+11:00,-37.81889917328954,144.9791464023292,42.12831,40.799999999999955,2704,9.81,9810.0,,86,0.5,24,2017-10-15 00:24:38,Australia/Melbourne
2017-10-15 11:24:47+11:00,-37.819029092788696,144.97933792881668,42.15061,41.0,2705,9.6084,9608.4,,87,0.5,23,2017-10-15 00:24:47,Australia/Melbourne
2017-10-15 11:24:55+11:00,-37.81913629733026,144.97953322716057,42.17155,41.0,2705,9.5076,9507.6,,86,0.5,23,2017-10-15 00:24:55,Australia/Melbourne
2017-10-15 11:25:03+11:00,-37.8192500397563,144.97972349636257,42.19251,41.200000000000045,2706,9.471599999999999,9471.6,,87,0.5,24,2017-10-15 00:25:03,Australia/Melbourne
2017-10-15 11:25:11+11:00,-37.81936462037265,144.97993036173284,42.21473,41.39999999999998,2707,9.471599999999999,9471.6,,86,0.5,24,2017-10-15 00:25:11,Australia/Melbourne
2017-10-15 11:25:19+11:00,-37.81948037445545,144.98012364841998,42.2361,41.0,2705,9.5076,9507.6,,86,0.5,24,2017-10-15 00:25:19,Australia/Melbourne
2017-10-15 11:25:28+11:00,-37.81960836611688,144.98033604584634,42.25968,41.799999999999955,2709,9.370800000000001,9370.800000000001,,86,0.5,24,2017-10-15 00:25:28,Australia/Melbourne
2017-10-15 11:25:37+11:00,-37.81971766613424,144.98054810799658,42.281949999999995,41.39999999999998,2707,9.3384,9338.4,,85,0.5,24,2017-10-15 00:25:37,Australia/Melbourne
2017-10-15 11:25:45+11:00,-37.8198370244354,144.9807302467525,42.30276,41.60000000000002,2708,9.306000000000001,9306.0,,86,0.5,24,2017-10-15 00:25:45,Australia/Melbourne
2017-10-15 11:25:54+11:00,-37.81995026394725,144.9809126369655,42.32341,42.0,2710,9.1368,9136.800000000001,,86,0.5,24,2017-10-15 00:25:54,Australia/Melbourne
2017-10-15 11:25:59+11:00,-37.82003634609282,144.9811166524887,42.34373,42.0,2710,9.1692,9169.2,,86,0.5,24,2017-10-15 00:25:59,Australia/Melbourne
2017-10-15 11:26:04+11:00,-37.820129888132215,144.98137230053544,42.36842,41.799999999999955,2709,9.81,9810.0,,85,0.5,24,2017-10-15 00:26:04,Australia/Melbourne
2017-10-15 11:26:13+11:00,-37.82025586813688,144.98154354281723,42.38968,42.0,2710,8.3628,8362.800000000001,,84,0.5,24,2017-10-15 00:26:13,Australia/Melbourne
2017-10-15 11:26:20+11:00,-37.82037598080933,144.98171746730804,42.41052,42.0,2710,9.1692,9169.2,,86,0.5,23,2017-10-15 00:26:20,Australia/Melbourne
2017-10-15 11:26:23+11:00,-37.8204295411706,144.98177111148834,42.41808,41.799999999999955,2709,9.2376,9237.6,,87,0.5,23,2017-10-15 00:26:23,Australia/Melbourne
2017-10-15 11:26:33+11:00,-37.820530626922846,144.98200287111104,42.44214,42.200000000000045,2711,8.935200000000002,8935.2,,86,0.5,23,2017-10-15 00:26:33,Australia/Melbourne
2017-10-15 11:26:41+11:00,-37.82060204073787,144.9822297692299,42.463660000000004,42.200000000000045,2711,9.0684,9068.4,,86,0.5,23,2017-10-15 00:26:41,Australia/Melbourne
2017-10-15 11:26:44+11:00,-37.8206364903599,144.98229648917913,42.47078,42.200000000000045,2711,9.0684,9068.4,,87,0.5,23,2017-10-15 00:26:44,Australia/Melbourne
2017-10-15 11:26:55+11:00,-37.82053733244538,144.98246144503355,42.49129,42.60000000000002,2713,9.1368,9136.800000000001,,85,0.5,23,2017-10-15 00:26:55,Australia/Melbourne
2017-10-15 11:26:57+11:00,-37.820563819259405,144.98243546113372,42.496370000000006,42.60000000000002,2713,9.1368,9136.800000000001,,85,0.5,23,2017-10-15 00:26:57,Australia/Melbourne
2017-10-15 11:27:02+11:00,-37.82044689171016,144.98246831819415,42.511309999999995,43.200000000000045,2716,9.4068,9406.800000000001,,85,0.5,23,2017-10-15 00:27:02,Australia/Melbourne
2017-10-15 11:27:09+11:00,-37.82037438824773,144.9826880916953,42.53304,44.0,2720,10.112400000000001,10112.4,,84,0.0,23,2017-10-15 00:27:09,Australia/Melbourne
2017-10-15 11:27:13+11:00,-37.820401042699814,144.98280979692936,42.54472,44.0,2720,10.346400000000001,10346.4,,86,0.0,23,2017-10-15 00:27:13,Australia/Melbourne
2017-10-15 11:27:20+11:00,-37.82048737630248,144.9830406345427,42.56722,43.799999999999955,2719,10.6128,10612.800000000001,,85,0.5,23,2017-10-15 00:27:20,Australia/Melbourne
2017-10-15 11:27:26+11:00,-37.82052802853286,144.98326594009995,42.58753,43.799999999999955,2719,10.9512,10951.2,,86,0.5,23,2017-10-15 00:27:26,Australia/Melbourne
2017-10-15 11:27:33+11:00,-37.820521323010325,144.98349870555103,42.60803,44.0,2720,10.648800000000001,10648.800000000001,,84,0.5,23,2017-10-15 00:27:33,Australia/Melbourne
2017-10-15 11:27:40+11:00,-37.82049458473921,144.98371160589159,42.6271,44.200000000000045,2721,10.4148,10414.800000000001,,86,0.5,23,2017-10-15 00:27:40,Australia/Melbourne
2017-10-15 11:27:48+11:00,-37.820449909195304,144.98395753093064,42.64939,44.200000000000045,2721,10.2132,10213.2,,86,0.5,24,2017-10-15 00:27:48,Australia/Melbourne
2017-10-15 11:27:55+11:00,-37.82037204131484,144.98418409377337,42.67108,44.200000000000045,2721,10.3788,10378.800000000001,,86,0.5,24,2017-10-15 00:27:55,Australia/Melbourne
2017-10-15 11:28:03+11:00,-37.820226196199656,144.9843498878181,42.69304,43.799999999999955,2719,10.245600000000001,10245.6,,85,0.5,24,2017-10-15 00:28:03,Australia/Melbourne
2017-10-15 11:28:11+11:00,-37.82006283290684,144.98444938100874,42.71342,44.39999999999998,2722,10.0764,10076.4,,86,0.5,24,2017-10-15 00:28:11,Australia/Melbourne
2017-10-15 11:28:20+11:00,-37.81986619345844,144.9844014365226,42.73705,44.0,2720,9.8748,9874.800000000001,,86,0.5,24,2017-10-15 00:28:20,Australia/Melbourne
2017-10-15 11:28:25+11:00,-37.8197075240314,144.98419834300876,42.76224,44.200000000000045,2721,13.233600000000001,13233.6,,86,0.5,24,2017-10-15 00:28:25,Australia/Melbourne
2017-10-15 11:28:29+11:00,-37.81961230561137,144.98396180570126,42.78562,44.200000000000045,2721,14.1408,14140.800000000001,,85,0.5,24,2017-10-15 00:28:29,Australia/Melbourne
2017-10-15 11:28:33+11:00,-37.81952362507582,144.98371738940477,42.80933,44.200000000000045,2721,15.3504,15350.4,,85,0.5,24,2017-10-15 00:28:33,Australia/Melbourne
2017-10-15 11:28:37+11:00,-37.81942538917065,144.9834346678108,42.836510000000004,44.200000000000045,2721,15.822,15822.0,,87,0.5,24,2017-10-15 00:28:37,Australia/Melbourne
2017-10-15 11:28:39+11:00,-37.81933519989252,144.98324984684587,42.85535,44.200000000000045,2721,15.080400000000001,15080.4,,86,0.5,24,2017-10-15 00:28:39,Australia/Melbourne
2017-10-15 11:28:42+11:00,-37.819302678108215,144.98302219435573,42.87543,44.200000000000045,2721,18.104400000000002,18104.4,,86,0.5,24,2017-10-15 00:28:42,Australia/Melbourne
2017-10-15 11:28:48+11:00,-37.81930401921272,144.9827811308205,42.89718,44.39999999999998,2722,13.1688,13168.800000000001,,86,0.5,24,2017-10-15 00:28:48,Australia/Melbourne
2017-10-15 11:28:56+11:00,-37.81938850879669,144.98256529681385,42.91838,44.200000000000045,2721,10.782,10782.0,,87,0.5,24,2017-10-15 00:28:56,Australia/Melbourne
2017-10-15 11:29:00+11:00,-37.8194175940007,144.9824692402035,42.92749,44.0,2720,9.3384,9338.4,,86,0.5,24,2017-10-15 00:29:00,Australia/Melbourne
