timestamp,time_in_seconds,position_lat,position_long,distance,enhanced_altitude,altitude,enhanced_speed,speed,heart_rate,cadence,fractional_cadence,temperature,timestamp_utc,timezone
2013-07-25 16:57:11+10:00,61031,-37.66876327805221,144.55568603239954,0.00126,161.79999999999995,3309,2.6496,2649.6,168.40921409214093,,,,2013-07-25 06:57:11,Australia/Melbourne
2013-07-25 16:57:14+10:00,61034,-37.668721787631505,144.5557343121618,0.007520000000000001,162.0,3310,4.5612,4561.2,72.0,,,,2013-07-25 06:57:14,Australia/Melbourne
2013-07-25 16:57:15+10:00,61035,-37.668699072673924,144.55576616339388,0.011290000000000001,162.60000000000005,3313,5.706,5706.0,72.0,,,,2013-07-25 06:57:15,Australia/Melbourne
2013-07-25 16:57:19+10:00,61039,-37.66862438991666,144.5558967534453,0.02584,163.39999999999995,3317,8.528400000000001,8528.4,72.0,,,,2013-07-25 06:57:19,Australia/Melbourne
2013-07-25 16:57:24+10:00,61044,-37.66857300885022,144.55605165101588,0.04068,162.79999999999995,3314,10.9152,10915.2,72.0,,,,2013-07-25 06:57:24,Australia/Melbourne
2013-07-25 16:57:31+10:00,61051,-37.668528752401464,144.55629765987396,0.063,162.79999999999995,3314,11.1312,11131.2,83.0,,,,2013-07-25 06:57:31,Australia/Melbourne
2013-07-25 16:57:32+10:00,61052,-37.66852607019245,144.55633177421987,0.06602000000000001,162.79999999999995,3314,11.1528,11152.8,83.0,,,,2013-07-25 06:57:32,Australia/Melbourne
2013-07-25 16:57:33+10:00,61053,-37.668517520651214,144.55636848695576,0.0694,162.60000000000005,3313,11.2284,11228.4,93.0,,,,2013-07-25 06:57:33,Australia/Melbourne
2013-07-25 16:57:34+10:00,61054,-37.668521711602814,144.55641022883356,0.07307999999999999,162.60000000000005,3313,11.3796,11379.6,93.0,,,,2013-07-25 06:57:34,Australia/Melbourne
2013-07-25 16:57:36+10:00,61056,-37.66851567663252,144.55648197792468,0.07944,162.60000000000005,3313,11.61,11610.0,93.0,,,,2013-07-25 06:57:36,Australia/Melbourne
2013-07-25 16:57:39+10:00,61059,-37.66852087341249,144.55659974366424,0.08984,162.60000000000005,3313,11.88,11880.0,102.0,,,,2013-07-25 06:57:39,Australia/Melbourne
2013-07-25 16:57:40+10:00,61060,-37.66852699220181,144.5566341932863,0.09294,162.79999999999995,3314,11.9844,11984.4,110.0,,,,2013-07-25 06:57:40,Australia/Melbourne
2013-07-25 16:57:41+10:00,61061,-37.66853210516275,144.55667777918282,0.09683,163.0,3315,12.0852,12085.2,110.0,,,,2013-07-25 06:57:41,Australia/Melbourne
2013-07-25 16:57:42+10:00,61062,-37.66853512264788,144.55671524628997,0.10016,163.0,3315,12.186,12186.0,116.0,,,,2013-07-25 06:57:42,Australia/Melbourne
2013-07-25 16:57:43+10:00,61063,-37.66853864304722,144.55675489269197,0.10367,163.39999999999995,3317,12.1932,12193.2,116.0,,,,2013-07-25 06:57:43,Australia/Melbourne
2013-07-25 16:57:46+10:00,61066,-37.66855808906257,144.5568667910993,0.11375999999999999,163.79999999999995,3319,12.258,12258.0,121.0,,,,2013-07-25 06:57:46,Australia/Melbourne
2013-07-25 16:57:47+10:00,61067,-37.668563956394784,144.55690241418782,0.11696,163.79999999999995,3319,12.2184,12218.4,121.0,,,,2013-07-25 06:57:47,Australia/Melbourne
2013-07-25 16:57:50+10:00,61070,-37.668579546734684,144.5570088643581,0.12653,163.79999999999995,3319,12.1716,12171.6,121.0,,,,2013-07-25 06:57:50,Australia/Melbourne
2013-07-25 16:57:51+10:00,61071,-37.668587006628506,144.55703996121886,0.12938999999999998,163.79999999999995,3319,12.024000000000001,12024.0,128.0,,,,2013-07-25 06:57:51,Australia/Melbourne
2013-07-25 16:57:52+10:00,61072,-37.668589353561394,144.5570765901357,0.13263,163.79999999999995,3319,11.9052,11905.2,128.0,,,,2013-07-25 06:57:52,Australia/Melbourne
2013-07-25 16:57:56+10:00,61076,-37.668599160388105,144.55721522681415,0.14493,164.20000000000005,3321,11.466,11466.0,128.0,,,,2013-07-25 06:57:56,Australia/Melbourne
2013-07-25 16:58:01+10:00,61081,-37.6686242222786,144.55740021541715,0.16153,164.20000000000005,3321,11.4444,11444.4,135.0,,,,2013-07-25 06:58:01,Australia/Melbourne
2013-07-25 16:58:02+10:00,61082,-37.6686276588589,144.55743801780045,0.16488999999999998,164.39999999999995,3322,11.43,11430.0,143.0,,,,2013-07-25 06:58:02,Australia/Melbourne
2013-07-25 16:58:03+10:00,61083,-37.668633526191115,144.55747347325087,0.16807,164.79999999999995,3324,11.5128,11512.8,146.0,,,,2013-07-25 06:58:03,Australia/Melbourne
2013-07-25 16:58:04+10:00,61084,-37.668634867295616,144.55750130116942,0.17053,164.79999999999995,3324,11.4696,11469.6,146.0,,,,2013-07-25 06:58:04,Australia/Melbourne
2013-07-25 16:58:06+10:00,61086,-37.66864283010364,144.5575744751841,0.17704,164.60000000000005,3323,11.3364,11336.4,146.0,,,,2013-07-25 06:58:06,Australia/Melbourne
2013-07-25 16:58:13+10:00,61093,-37.6686720829457,144.55782081931832,0.19901,164.39999999999995,3322,11.2176,11217.6,145.0,,,,2013-07-25 06:58:13,Australia/Melbourne
2013-07-25 16:58:15+10:00,61095,-37.66868029721081,144.55788762308657,0.20496,164.39999999999995,3322,11.0772,11077.2,148.0,,,,2013-07-25 06:58:15,Australia/Melbourne
2013-07-25 16:58:16+10:00,61096,-37.668687840923674,144.55791553482413,0.20753000000000002,164.20000000000005,3321,11.0844,11084.4,152.0,,,,2013-07-25 06:58:16,Australia/Melbourne
2013-07-25 16:58:18+10:00,61098,-37.668702928349376,144.55799097195268,0.21443,164.39999999999995,3322,11.170800000000002,11170.8,153.0,,,,2013-07-25 06:58:18,Australia/Melbourne
2013-07-25 16:58:20+10:00,61100,-37.668711896985776,144.55804570578042,0.21944,165.20000000000005,3326,10.962,10962.0,150.0,,,,2013-07-25 06:58:20,Australia/Melbourne
2013-07-25 16:58:21+10:00,61101,-37.66873343847692,144.55806640908122,0.22236999999999998,165.60000000000005,3328,10.8324,10832.4,150.0,,,,2013-07-25 06:58:21,Australia/Melbourne
2013-07-25 16:58:22+10:00,61102,-37.668751459568746,144.55807839520276,0.22458000000000003,165.39999999999995,3327,10.6668,10666.8,151.0,,,,2013-07-25 06:58:22,Australia/Melbourne
2013-07-25 16:58:25+10:00,61105,-37.668830081820495,144.55810219980776,0.23351999999999998,164.0,3320,10.3572,10357.2,155.0,,,,2013-07-25 06:58:25,Australia/Melbourne
2013-07-25 16:58:27+10:00,61107,-37.66888808459044,144.55811158753932,0.24,163.79999999999995,3319,10.4832,10483.2,160.0,,,,2013-07-25 06:58:27,Australia/Melbourne
2013-07-25 16:58:28+10:00,61108,-37.66891473904253,144.55811393447217,0.24297,164.0,3320,10.512,10512.0,160.0,,,,2013-07-25 06:58:28,Australia/Melbourne
2013-07-25 16:58:34+10:00,61114,-37.66908028163016,144.55815517343584,0.26177,164.0,3320,10.9584,10958.4,161.0,,,,2013-07-25 06:58:34,Australia/Melbourne
2013-07-25 16:58:37+10:00,61117,-37.66914775595069,144.55817529000342,0.26974000000000004,164.60000000000005,3323,11.0232,11023.2,160.0,,,,2013-07-25 06:58:37,Australia/Melbourne
2013-07-25 16:58:39+10:00,61119,-37.66920106485486,144.55816665664315,0.27571,164.20000000000005,3321,10.6092,10609.2,160.0,,,,2013-07-25 06:58:39,Australia/Melbourne
2013-07-25 16:58:40+10:00,61120,-37.66922797076404,144.55816087313,0.27874,164.0,3320,10.6308,10630.8,157.0,,,,2013-07-25 06:58:40,Australia/Melbourne
2013-07-25 16:58:45+10:00,61125,-37.669376330450184,144.5581508986652,0.29524,164.20000000000005,3321,10.6812,10681.2,158.0,,,,2013-07-25 06:58:45,Australia/Melbourne
2013-07-25 16:58:50+10:00,61130,-37.669502981007106,144.55811904743314,0.30967,164.20000000000005,3321,10.9764,10976.4,158.0,,,,2013-07-25 06:58:50,Australia/Melbourne
2013-07-25 16:58:56+10:00,61136,-37.66966508701444,144.55807143822312,0.32819,163.39999999999995,3317,10.9476,10947.6,158.0,,,,2013-07-25 06:58:56,Australia/Melbourne
2013-07-25 16:59:03+10:00,61143,-37.66985937952995,144.55800547264514,0.35056,163.79999999999995,3319,11.286,11286.0,160.0,,,,2013-07-25 06:59:03,Australia/Melbourne
2013-07-25 16:59:10+10:00,61150,-37.67002684995532,144.55792341381309,0.37056,163.20000000000005,3316,10.8144,10814.4,158.0,,,,2013-07-25 06:59:10,Australia/Melbourne
2013-07-25 16:59:15+10:00,61155,-37.67014226876199,144.55785384401682,0.38476,162.60000000000005,3313,10.314000000000002,10314.0,151.0,,,,2013-07-25 06:59:15,Australia/Melbourne
2013-07-25 16:59:16+10:00,61156,-37.67016305588186,144.55783967860046,0.38738,162.60000000000005,3313,10.224,10224.0,151.0,,,,2013-07-25 06:59:16,Australia/Melbourne
2013-07-25 16:59:18+10:00,61158,-37.67021661624312,144.55780422315001,0.39409,162.39999999999995,3312,10.386,10386.0,151.0,,,,2013-07-25 06:59:18,Australia/Melbourne
2013-07-25 16:59:20+10:00,61160,-37.67026321962476,144.55777488648891,0.3999,162.0,3310,10.4976,10497.6,148.0,,,,2013-07-25 06:59:20,Australia/Melbourne
2013-07-25 16:59:23+10:00,61163,-37.67033480107784,144.55774990841746,0.40825,161.79999999999995,3309,10.3788,10378.8,150.0,,,,2013-07-25 06:59:23,Australia/Melbourne
2013-07-25 16:59:24+10:00,61164,-37.670356594026096,144.5577653311193,0.41098,161.79999999999995,3309,10.3104,10310.4,150.0,,,,2013-07-25 06:59:24,Australia/Melbourne
2013-07-25 16:59:27+10:00,61167,-37.670410238206394,144.55783967860046,0.41986,161.39999999999995,3307,10.4796,10479.6,150.0,,,,2013-07-25 06:59:27,Australia/Melbourne
2013-07-25 16:59:28+10:00,61168,-37.67043102532625,144.5578739605844,0.42366,161.39999999999995,3307,10.5732,10573.2,150.0,,,,2013-07-25 06:59:28,Australia/Melbourne
2013-07-25 16:59:31+10:00,61171,-37.6704855915159,144.5579565223306,0.43314,161.79999999999995,3309,10.6344,10634.4,148.0,,,,2013-07-25 06:59:31,Australia/Melbourne
2013-07-25 16:59:33+10:00,61173,-37.67052448354662,144.55800279043615,0.4391000000000001,161.79999999999995,3309,10.7532,10753.2,157.0,,,,2013-07-25 06:59:33,Australia/Melbourne
2013-07-25 16:59:34+10:00,61174,-37.67054325900972,144.55802609212697,0.44202,162.0,3310,10.8288,10828.8,164.0,,,,2013-07-25 06:59:34,Australia/Melbourne
2013-07-25 16:59:35+10:00,61175,-37.670560106635094,144.55805090256038,0.4449,162.0,3310,10.897200000000002,10897.2,164.0,,,,2013-07-25 06:59:35,Australia/Melbourne
2013-07-25 16:59:37+10:00,61177,-37.67060050740838,144.5580973383039,0.45098,162.20000000000005,3311,11.034,11034.0,164.0,,,,2013-07-25 06:59:37,Australia/Melbourne
2013-07-25 16:59:43+10:00,61183,-37.67072346992791,144.55822817981243,0.46887,161.79999999999995,3309,10.8936,10893.6,165.0,,,,2013-07-25 06:59:43,Australia/Melbourne
2013-07-25 16:59:49+10:00,61189,-37.67084090039135,144.5583607815206,0.48639,161.79999999999995,3309,10.7064,10706.4,165.0,,,,2013-07-25 06:59:49,Australia/Melbourne
2013-07-25 16:59:54+10:00,61194,-37.670935448259115,144.55849958583713,0.5025299999999999,164.0,3320,10.8684,10868.4,165.0,,,,2013-07-25 06:59:54,Australia/Melbourne
2013-07-25 16:59:59+10:00,61199,-37.671019351109855,144.55863093025982,0.5176000000000001,164.79999999999995,3324,10.8648,10864.8,165.0,,,,2013-07-25 06:59:59,Australia/Melbourne
2013-07-25 17:00:00+10:00,61200,-37.671035528182976,144.55866361968216,0.521,164.60000000000005,3323,10.9332,10933.2,161.0,,,,2013-07-25 07:00:00,Australia/Melbourne
2013-07-25 17:00:05+10:00,61205,-37.67110995948315,144.55881767906246,0.5369700000000001,165.39999999999995,3327,11.1204,11120.4,159.0,,,,2013-07-25 07:00:05,Australia/Melbourne
2013-07-25 17:00:10+10:00,61210,-37.671150024980314,144.55897358246148,0.55145,166.39999999999995,3332,11.1492,11149.2,159.0,,,,2013-07-25 07:00:10,Australia/Melbourne
2013-07-25 17:00:16+10:00,61216,-37.671185480430715,144.55917516723275,0.5698,167.60000000000005,3338,10.8468,10846.8,161.0,,,,2013-07-25 07:00:16,Australia/Melbourne
2013-07-25 17:00:23+10:00,61223,-37.67121305689216,144.55940793268385,0.59062,168.0,3340,10.835999999999999,10836.0,162.0,,,,2013-07-25 07:00:23,Australia/Melbourne
2013-07-25 17:00:29+10:00,61229,-37.67122579738498,144.5596049912274,0.6081,168.39999999999995,3342,10.677600000000002,10677.6,163.0,,,,2013-07-25 07:00:29,Australia/Melbourne
2013-07-25 17:00:34+10:00,61234,-37.67124256119132,144.5597723778337,0.6230600000000001,167.60000000000005,3338,10.6956,10695.6,163.0,,,,2013-07-25 07:00:34,Australia/Melbourne
2013-07-25 17:00:39+10:00,61239,-37.67125773243606,144.55995577387512,0.6394299999999999,168.60000000000005,3343,11.0016,11001.6,162.0,,,,2013-07-25 07:00:39,Australia/Melbourne
2013-07-25 17:00:45+10:00,61245,-37.67128095030785,144.56015207804742,0.65699,168.39999999999995,3342,10.8468,10846.8,164.0,,,,2013-07-25 07:00:45,Australia/Melbourne
2013-07-25 17:00:47+10:00,61247,-37.67128572799266,144.56021988764402,0.6629999999999999,168.79999999999995,3344,10.9404,10940.4,167.0,,,,2013-07-25 07:00:47,Australia/Melbourne
2013-07-25 17:00:50+10:00,61250,-37.67128623090685,144.56032482907176,0.67235,168.0,3340,10.8396,10839.6,169.0,,,,2013-07-25 07:00:50,Australia/Melbourne
2013-07-25 17:00:56+10:00,61256,-37.67127223312855,144.56053094007075,0.69062,167.60000000000005,3338,11.0556,11055.6,169.0,,,,2013-07-25 07:00:56,Australia/Melbourne
2013-07-25 17:01:01+10:00,61261,-37.67125681042671,144.56069975160062,0.70562,168.60000000000005,3343,10.9836,10983.6,169.0,,,,2013-07-25 07:01:01,Australia/Melbourne
2013-07-25 17:01:08+10:00,61268,-37.671208446845405,144.56092656590044,0.72663,169.0,3345,10.7352,10735.2,168.0,,,,2013-07-25 07:01:08,Australia/Melbourne
2013-07-25 17:01:12+10:00,61272,-37.671204088255756,144.56106151454148,0.73853,168.60000000000005,3343,10.7244,10724.4,182.0,,,,2013-07-25 07:01:12,Australia/Melbourne
2013-07-25 17:01:13+10:00,61273,-37.671205010265105,144.56109336577356,0.74134,168.39999999999995,3342,10.6992,10699.2,182.0,,,,2013-07-25 07:01:13,Australia/Melbourne
2013-07-25 17:01:14+10:00,61274,-37.67120987176895,144.56112689338624,0.74434,168.20000000000005,3341,10.6488,10648.8,177.0,,,,2013-07-25 07:01:14,Australia/Melbourne
2013-07-25 17:01:15+10:00,61275,-37.67121473327279,144.56116469576955,0.74771,168.0,3340,10.6524,10652.4,173.0,,,,2013-07-25 07:01:15,Australia/Melbourne
2013-07-25 17:01:16+10:00,61276,-37.671219678595655,144.5611954573542,0.7504700000000001,168.0,3340,10.6848,10684.8,173.0,,,,2013-07-25 07:01:16,Australia/Melbourne
2013-07-25 17:01:19+10:00,61279,-37.671250188723214,144.56128715537486,0.75927,168.39999999999995,3342,10.6308,10630.8,171.0,,,,2013-07-25 07:01:19,Australia/Melbourne
2013-07-25 17:01:26+10:00,61286,-37.6713146455586,144.56148396246138,0.77812,167.60000000000005,3338,10.2708,10270.8,167.0,,,,2013-07-25 07:01:26,Australia/Melbourne
2013-07-25 17:01:32+10:00,61292,-37.67136611044407,144.56167406402528,0.79588,167.20000000000005,3336,10.1232,10123.2,165.0,,,,2013-07-25 07:01:32,Australia/Melbourne
2013-07-25 17:01:37+10:00,61297,-37.67138035967946,144.56183876842258,0.8104899999999999,167.39999999999995,3337,10.3536,10353.6,164.0,,,,2013-07-25 07:01:37,Australia/Melbourne
2013-07-25 17:01:44+10:00,61304,-37.67140567302704,144.56206826493144,0.83099,166.20000000000005,3331,10.5912,10591.2,162.0,,,,2013-07-25 07:01:44,Australia/Melbourne
2013-07-25 17:01:45+10:00,61305,-37.67140877433121,144.56210112199187,0.83385,166.60000000000005,3333,10.6596,10659.6,166.0,,,,2013-07-25 07:01:45,Australia/Melbourne
2013-07-25 17:01:50+10:00,61310,-37.67143417149782,144.56229139119387,0.8508100000000001,167.39999999999995,3337,11.1132,11113.2,173.0,,,,2013-07-25 07:01:50,Australia/Melbourne
2013-07-25 17:01:51+10:00,61311,-37.67143509350717,144.56232315860692,0.85362,167.39999999999995,3337,11.1096,11109.6,173.0,,,,2013-07-25 07:01:51,Australia/Melbourne
2013-07-25 17:01:56+10:00,61316,-37.67146920785308,144.5624929759651,0.8690899999999999,167.20000000000005,3336,11.3004,11300.4,173.0,,,,2013-07-25 07:01:56,Australia/Melbourne
2013-07-25 17:02:03+10:00,61323,-37.67151740379632,144.56272557377815,0.8903700000000001,165.39999999999995,3327,10.9476,10947.6,172.0,,,,2013-07-25 07:02:03,Australia/Melbourne
2013-07-25 17:02:06+10:00,61326,-37.67153928056359,144.56282230094075,0.89923,165.20000000000005,3326,10.9368,10936.8,167.0,,,,2013-07-25 07:02:06,Australia/Melbourne
2013-07-25 17:02:10+10:00,61330,-37.671569455415,144.56295599229637,0.9115200000000001,165.60000000000005,3328,10.9188,10918.8,167.0,,,,2013-07-25 07:02:10,Australia/Melbourne
2013-07-25 17:02:16+10:00,61336,-37.671628464013345,144.56314919516444,0.9298299999999999,165.0,3325,11.0196,11019.6,167.0,,,,2013-07-25 07:02:16,Australia/Melbourne
2013-07-25 17:02:22+10:00,61342,-37.6716719660908,144.56335002556443,0.94825,165.0,3325,11.0052,11005.2,168.0,,,,2013-07-25 07:02:22,Australia/Melbourne
2013-07-25 17:02:25+10:00,61345,-37.671693675220006,144.56344876438382,0.9573299999999999,165.60000000000005,3328,10.9872,10987.2,164.0,,,,2013-07-25 07:02:25,Australia/Melbourne
2013-07-25 17:02:28+10:00,61348,-37.67171161249279,144.5635407138616,0.96571,166.0,3330,10.7244,10724.4,163.0,,,,2013-07-25 07:02:28,Australia/Melbourne
2013-07-25 17:02:35+10:00,61355,-37.67175301909447,144.56375730223954,0.98541,165.60000000000005,3328,10.3716,10371.6,164.0,,,,2013-07-25 07:02:35,Australia/Melbourne
2013-07-25 17:02:37+10:00,61357,-37.67176282592118,144.5638090185821,0.9901399999999999,165.20000000000005,3326,9.99,9990.0,161.0,,,,2013-07-25 07:02:37,Australia/Melbourne
2013-07-25 17:02:40+10:00,61360,-37.671774979680784,144.56390901468694,0.9991200000000001,164.0,3320,10.008,10008.0,161.0,,,,2013-07-25 07:02:40,Australia/Melbourne
2013-07-25 17:02:41+10:00,61361,-37.67178545705974,144.5639364235103,1.00178,164.0,3320,9.936,9936.0,161.0,,,,2013-07-25 07:02:41,Australia/Melbourne
2013-07-25 17:02:44+10:00,61364,-37.67180037684738,144.5640375930816,1.01091,164.0,3320,9.8028,9802.8,162.0,,,,2013-07-25 07:02:44,Australia/Melbourne
2013-07-25 17:02:49+10:00,61369,-37.67181219533086,144.56420866772532,1.02623,163.79999999999995,3319,10.6308,10630.8,164.0,,,,2013-07-25 07:02:49,Australia/Melbourne
2013-07-25 17:02:50+10:00,61370,-37.6718136202544,144.56424169242382,1.0291400000000002,163.79999999999995,3319,10.6812,10681.2,169.0,,,,2013-07-25 07:02:50,Australia/Melbourne
2013-07-25 17:02:51+10:00,61371,-37.671815464273095,144.5642688497901,1.03154,163.60000000000005,3318,10.6236,10623.6,169.0,,,,2013-07-25 07:02:51,Australia/Melbourne
2013-07-25 17:02:55+10:00,61375,-37.67183197662234,144.56440798938274,1.04401,164.20000000000005,3321,10.9296,10929.6,167.0,,,,2013-07-25 07:02:55,Australia/Melbourne
2013-07-25 17:02:57+10:00,61377,-37.671829042956226,144.564464064315,1.04919,163.60000000000005,3318,10.5984,10598.4,166.0,,,,2013-07-25 07:02:57,Australia/Melbourne
2013-07-25 17:02:59+10:00,61379,-37.671843878924854,144.56453346647322,1.05549,163.79999999999995,3319,10.3788,10378.8,166.0,,,,2013-07-25 07:02:59,Australia/Melbourne
2013-07-25 17:03:03+10:00,61383,-37.67185636796057,144.56467629410324,1.0683,164.20000000000005,3321,10.6596,10659.6,167.0,,,,2013-07-25 07:03:03,Australia/Melbourne
2013-07-25 17:03:07+10:00,61387,-37.6718805078417,144.56481895409524,1.08128,165.39999999999995,3327,10.9692,10969.2,165.0,,,,2013-07-25 07:03:07,Australia/Melbourne
2013-07-25 17:03:12+10:00,61392,-37.671892074868076,144.5650024339557,1.0976299999999999,166.20000000000005,3331,11.6244,11624.4,167.0,,,,2013-07-25 07:03:12,Australia/Melbourne
2013-07-25 17:03:13+10:00,61393,-37.67189760692417,144.56503755412996,1.10077,166.0,3330,11.5812,11581.2,172.0,,,,2013-07-25 07:03:13,Australia/Melbourne
2013-07-25 17:03:14+10:00,61394,-37.671909173950546,144.56507275812328,1.1041100000000001,166.0,3330,11.5812,11581.2,172.0,,,,2013-07-25 07:03:14,Australia/Melbourne
2013-07-25 17:03:17+10:00,61397,-37.671919651329524,144.5651770289987,1.1133899999999999,164.60000000000005,3323,11.5092,11509.2,172.0,,,,2013-07-25 07:03:17,Australia/Melbourne
2013-07-25 17:03:23+10:00,61403,-37.67195208929479,144.5653878338635,1.13239,164.79999999999995,3324,11.2464,11246.4,169.0,,,,2013-07-25 07:03:23,Australia/Melbourne
2013-07-25 17:03:26+10:00,61406,-37.671938426792615,144.56547701731324,1.1406500000000002,164.79999999999995,3324,11.0052,11005.2,168.0,,,,2013-07-25 07:03:26,Australia/Melbourne
2013-07-25 17:03:27+10:00,61407,-37.67193373292685,144.56549587659538,1.14239,164.79999999999995,3324,10.7856,10785.6,168.0,,,,2013-07-25 07:03:27,Australia/Melbourne
2013-07-25 17:03:29+10:00,61409,-37.67194077372551,144.56551859155297,1.1445,164.39999999999995,3322,9.7596,9759.6,166.0,,,,2013-07-25 07:03:29,Australia/Melbourne
2013-07-25 17:03:31+10:00,61411,-37.671945551410325,144.56557936035097,1.14991,164.39999999999995,3322,8.9892,8989.2,163.0,,,,2013-07-25 07:03:31,Australia/Melbourne
2013-07-25 17:03:34+10:00,61414,-37.67197539098561,144.56567055545747,1.15888,164.20000000000005,3321,8.8416,8841.6,162.0,,,,2013-07-25 07:03:34,Australia/Melbourne
2013-07-25 17:03:36+10:00,61416,-37.671992992982275,144.56573568284512,1.1650200000000002,163.60000000000005,3318,8.766,8766.0,162.0,,,,2013-07-25 07:03:36,Australia/Melbourne
2013-07-25 17:03:39+10:00,61419,-37.671989891678095,144.5658418815583,1.1744299999999999,163.20000000000005,3316,9.1872,9187.2,163.0,,,,2013-07-25 07:03:39,Australia/Melbourne
2013-07-25 17:03:42+10:00,61422,-37.67200137488544,144.5659433025867,1.1834799999999999,162.79999999999995,3314,10.7424,10742.4,163.0,,,,2013-07-25 07:03:42,Australia/Melbourne
2013-07-25 17:03:48+10:00,61428,-37.672025682404644,144.56615000031886,1.20195,162.60000000000005,3313,10.9944,10994.4,165.0,,,,2013-07-25 07:03:48,Australia/Melbourne
2013-07-25 17:03:54+10:00,61434,-37.67205007374287,144.56636080518362,1.22078,163.0,3315,11.1996,11199.6,164.0,,,,2013-07-25 07:03:54,Australia/Melbourne
2013-07-25 17:03:59+10:00,61439,-37.67207563854754,144.5665280241519,1.23591,162.20000000000005,3311,11.3652,11365.2,163.0,,,,2013-07-25 07:03:59,Australia/Melbourne
2013-07-25 17:04:02+10:00,61442,-37.672079242765896,144.5666323788464,1.2451500000000002,162.20000000000005,3311,11.1564,11156.4,166.0,,,,2013-07-25 07:04:02,Australia/Melbourne
2013-07-25 17:04:04+10:00,61444,-37.672084355726845,144.56670220009985,1.25134,162.39999999999995,3312,10.9836,10983.6,168.0,,,,2013-07-25 07:04:04,Australia/Melbourne
2013-07-25 17:04:11+10:00,61451,-37.67211344093084,144.5669456105679,1.2730899999999998,163.39999999999995,3317,10.944,10944.0,167.0,,,,2013-07-25 07:04:11,Australia/Melbourne
2013-07-25 17:04:16+10:00,61456,-37.67213447950781,144.5671054534614,1.28744,164.0,3320,10.8432,10843.2,169.0,,,,2013-07-25 07:04:16,Australia/Melbourne
2013-07-25 17:04:20+10:00,61460,-37.672150153666735,144.56723688170314,1.29926,164.39999999999995,3322,10.7208,10720.8,166.0,,,,2013-07-25 07:04:20,Australia/Melbourne
2013-07-25 17:04:21+10:00,61461,-37.67215501517058,144.56726663745943,1.3019399999999999,164.20000000000005,3321,10.5912,10591.2,166.0,,,,2013-07-25 07:04:21,Australia/Melbourne
2013-07-25 17:04:26+10:00,61466,-37.672175634652376,144.56743829883638,1.3172700000000002,163.20000000000005,3316,10.655999999999999,10656.0,169.0,,,,2013-07-25 07:04:26,Australia/Melbourne
2013-07-25 17:04:27+10:00,61467,-37.672180077061064,144.56747501157224,1.32054,163.20000000000005,3316,10.663200000000002,10663.2,169.0,,,,2013-07-25 07:04:27,Australia/Melbourne
2013-07-25 17:04:31+10:00,61471,-37.672246042639024,144.56759168766442,1.3336,163.0,3315,11.0736,11073.6,169.0,,,,2013-07-25 07:04:31,Australia/Melbourne
2013-07-25 17:04:36+10:00,61476,-37.67235316336154,144.56771280616522,1.34969,161.39999999999995,3307,11.5632,11563.2,169.0,,,,2013-07-25 07:04:36,Australia/Melbourne
2013-07-25 17:04:41+10:00,61481,-37.67240756191313,144.56786493770778,1.36473,161.39999999999995,3307,11.170800000000002,11170.8,169.0,,,,2013-07-25 07:04:41,Australia/Melbourne
2013-07-25 17:04:46+10:00,61486,-37.67242549918592,144.56803869456053,1.38032,161.0,3305,10.9944,10994.4,167.0,,,,2013-07-25 07:04:46,Australia/Melbourne
2013-07-25 17:04:53+10:00,61493,-37.67245994880796,144.5682961028069,1.40339,161.79999999999995,3309,11.4768,11476.8,167.0,,,,2013-07-25 07:04:53,Australia/Melbourne
2013-07-25 17:04:59+10:00,61499,-37.67248224467039,144.56851436756548,1.42288,161.39999999999995,3307,11.7828,11782.8,167.0,,,,2013-07-25 07:04:59,Australia/Melbourne
2013-07-25 17:05:06+10:00,61506,-37.67250831238926,144.56876046024263,1.4448299999999998,160.79999999999995,3304,11.556,11556.0,167.0,,,,2013-07-25 07:05:06,Australia/Melbourne
2013-07-25 17:05:11+10:00,61511,-37.672525411471725,144.5689435210079,1.4611500000000002,160.39999999999995,3302,11.4192,11419.2,168.0,,,,2013-07-25 07:05:11,Australia/Melbourne
2013-07-25 17:05:18+10:00,61518,-37.672577127814286,144.5691882725805,1.48353,160.0,3300,11.52,11520.0,167.0,,,,2013-07-25 07:05:18,Australia/Melbourne
2013-07-25 17:05:22+10:00,61522,-37.672631861641996,144.56932137720287,1.4968700000000001,160.0,3300,11.7468,11746.8,167.0,,,,2013-07-25 07:05:22,Australia/Melbourne
2013-07-25 17:05:25+10:00,61525,-37.672671675682075,144.5694232173264,1.50689,160.20000000000005,3301,11.7864,11786.4,170.0,,,,2013-07-25 07:05:25,Australia/Melbourne
2013-07-25 17:05:29+10:00,61529,-37.672737641260035,144.5695615187287,1.5211299999999999,160.20000000000005,3301,12.078,12078.0,168.0,,,,2013-07-25 07:05:29,Australia/Melbourne
2013-07-25 17:05:34+10:00,61534,-37.672822549939156,144.5697289053351,1.53866,160.79999999999995,3304,12.437999999999999,12438.0,165.0,,,,2013-07-25 07:05:34,Australia/Melbourne
2013-07-25 17:05:36+10:00,61536,-37.672856496647,144.5697964634746,1.54572,160.39999999999995,3302,12.5244,12524.4,165.0,,,,2013-07-25 07:05:36,Australia/Melbourne
2013-07-25 17:05:42+10:00,61542,-37.67295372672379,144.56998824141917,1.5658800000000002,159.39999999999995,3297,12.4164,12416.4,165.0,,,,2013-07-25 07:05:42,Australia/Melbourne
2013-07-25 17:05:46+10:00,61546,-37.673055231571205,144.57006367854774,1.58004,158.79999999999995,3294,12.3084,12308.4,165.0,,,,2013-07-25 07:05:46,Australia/Melbourne
2013-07-25 17:05:50+10:00,61550,-37.673188922926784,144.57003316842017,1.5951300000000002,157.79999999999995,3289,12.672,12672.0,166.0,,,,2013-07-25 07:05:50,Australia/Melbourne
2013-07-25 17:05:51+10:00,61551,-37.673222282901406,144.57003031857315,1.5988399999999998,157.79999999999995,3289,12.8088,12808.8,166.0,,,,2013-07-25 07:05:51,Australia/Melbourne
2013-07-25 17:05:57+10:00,61557,-37.67340098507702,144.56999653950334,1.6189,157.79999999999995,3289,12.8052,12805.2,166.0,,,,2013-07-25 07:05:57,Australia/Melbourne
2013-07-25 17:05:59+10:00,61559,-37.673453707247965,144.5699866488576,1.62481,157.60000000000005,3288,12.3552,12355.2,165.0,,,,2013-07-25 07:05:59,Australia/Melbourne
2013-07-25 17:06:04+10:00,61564,-37.673603072762496,144.56995747983456,1.64159,157.0,3285,11.9268,11926.8,168.0,,,,2013-07-25 07:06:04,Australia/Melbourne
2013-07-25 17:06:10+10:00,61570,-37.67377607524396,144.56993820145726,1.6609099999999999,156.39999999999995,3282,11.6712,11671.2,168.0,,,,2013-07-25 07:06:10,Australia/Melbourne
2013-07-25 17:06:15+10:00,61575,-37.673926614224904,144.56991179846227,1.6778,157.0,3285,11.5632,11563.2,171.0,,,,2013-07-25 07:06:15,Australia/Melbourne
2013-07-25 17:06:16+10:00,61576,-37.673953603953116,144.56990836188197,1.68081,156.60000000000005,3283,11.6964,11696.4,171.0,,,,2013-07-25 07:06:16,Australia/Melbourne
2013-07-25 17:06:20+10:00,61580,-37.67407514154911,144.56988531164825,1.69448,156.20000000000005,3281,11.9556,11955.6,168.0,,,,2013-07-25 07:06:20,Australia/Melbourne
2013-07-25 17:06:22+10:00,61582,-37.67412643879653,144.56987667828795,1.7002400000000002,155.79999999999995,3279,11.8764,11876.4,169.0,,,,2013-07-25 07:06:22,Australia/Melbourne
2013-07-25 17:06:28+10:00,61588,-37.6743023749441,144.56984465941787,1.7200099999999998,155.0,3275,11.6568,11656.8,170.0,,,,2013-07-25 07:06:28,Australia/Melbourne
2013-07-25 17:06:32+10:00,61592,-37.674414776265614,144.5698320027441,1.7325700000000002,155.79999999999995,3279,11.5776,11577.6,167.0,,,,2013-07-25 07:06:32,Australia/Melbourne
2013-07-25 17:06:33+10:00,61593,-37.67444277182221,144.56982286646962,1.73577,155.79999999999995,3279,11.4876,11487.6,167.0,,,,2013-07-25 07:06:33,Australia/Melbourne
2013-07-25 17:06:38+10:00,61598,-37.6746023632586,144.56979579292238,1.7537900000000002,155.79999999999995,3279,11.9268,11926.8,167.0,,,,2013-07-25 07:06:38,Australia/Melbourne
2013-07-25 17:06:43+10:00,61603,-37.67475868575275,144.56976947374642,1.77135,155.39999999999995,3277,12.4596,12459.6,170.0,,,,2013-07-25 07:06:43,Australia/Melbourne
2013-07-25 17:06:49+10:00,61609,-37.67493160441518,144.56972412765023,1.7909400000000002,154.0,3270,12.2292,12229.2,169.0,,,,2013-07-25 07:06:49,Australia/Melbourne
2013-07-25 17:06:53+10:00,61613,-37.675045095384114,144.5696999039501,1.80372,154.20000000000005,3271,11.7468,11746.8,172.0,,,,2013-07-25 07:06:53,Australia/Melbourne
2013-07-25 17:06:55+10:00,61615,-37.67510536126792,144.56969001330438,1.8104799999999999,154.20000000000005,3271,11.6244,11624.4,172.0,,,,2013-07-25 07:06:55,Australia/Melbourne
2013-07-25 17:07:00+10:00,61620,-37.67524156719446,144.5696666277945,1.82575,153.79999999999995,3269,11.34,11340.0,173.0,,,,2013-07-25 07:07:00,Australia/Melbourne
2013-07-25 17:07:06+10:00,61626,-37.67541373148561,144.5696346927434,1.8450900000000001,154.20000000000005,3271,11.448,11448.0,172.0,,,,2013-07-25 07:07:06,Australia/Melbourne
2013-07-25 17:07:11+10:00,61631,-37.67556133680045,144.56960275769234,1.8617299999999999,154.20000000000005,3271,11.8008,11800.8,172.0,,,,2013-07-25 07:07:11,Australia/Melbourne
2013-07-25 17:07:17+10:00,61637,-37.675734423100955,144.56956428475678,1.88126,153.79999999999995,3269,11.9772,11977.2,172.0,,,,2013-07-25 07:07:17,Australia/Melbourne
2013-07-25 17:07:23+10:00,61643,-37.67590994015336,144.5695356186479,1.9009,153.39999999999995,3267,11.7828,11782.8,174.0,,,,2013-07-25 07:07:23,Australia/Melbourne
2013-07-25 17:07:30+10:00,61650,-37.676104567944996,144.5694963913411,1.9228,151.79999999999995,3259,11.4228,11422.8,174.0,,,,2013-07-25 07:07:30,Australia/Melbourne
2013-07-25 17:07:35+10:00,61655,-37.676245467737324,144.56945540383458,1.9388400000000001,150.79999999999995,3254,11.3688,11368.8,173.0,,,,2013-07-25 07:07:35,Australia/Melbourne
2013-07-25 17:07:41+10:00,61661,-37.67642735503614,144.56942204386,1.95927,150.20000000000005,3251,11.7648,11764.8,174.0,,,,2013-07-25 07:07:41,Australia/Melbourne
2013-07-25 17:07:42+10:00,61662,-37.676445124670856,144.56941902637482,1.96125,150.0,3250,11.7648,11764.8,174.0,,,,2013-07-25 07:07:42,Australia/Melbourne
2013-07-25 17:07:48+10:00,61668,-37.67661728896201,144.56938985735178,1.9806099999999998,149.60000000000005,3248,11.5092,11509.2,172.0,,,,2013-07-25 07:07:48,Australia/Melbourne
2013-07-25 17:07:53+10:00,61673,-37.676768582314246,144.5693696569651,1.9975900000000002,150.60000000000005,3253,11.6028,11602.8,173.0,,,,2013-07-25 07:07:53,Australia/Melbourne
2013-07-25 17:07:54+10:00,61674,-37.67679900862277,144.56936504691842,2.0009799999999998,150.60000000000005,3253,11.6532,11653.2,173.0,,,,2013-07-25 07:07:54,Australia/Melbourne
2013-07-25 17:08:01+10:00,61681,-37.67698793672025,144.56932556815443,2.02224,150.39999999999995,3252,11.6712,11671.2,174.0,,,,2013-07-25 07:08:01,Australia/Melbourne
2013-07-25 17:08:05+10:00,61685,-37.67710410989821,144.5693076308817,2.03523,151.0,3255,11.5812,11581.2,175.0,,,,2013-07-25 07:08:05,Australia/Melbourne
2013-07-25 17:08:11+10:00,61691,-37.677286835387356,144.5692712534219,2.0557600000000003,150.79999999999995,3254,11.772,11772.0,175.0,,,,2013-07-25 07:08:11,Australia/Melbourne
2013-07-25 17:08:17+10:00,61697,-37.677455311641104,144.56923403777182,2.07475,149.39999999999995,3247,11.6388,11638.8,176.0,,,,2013-07-25 07:08:17,Australia/Melbourne
2013-07-25 17:08:22+10:00,61702,-37.67759964801371,144.56918969750402,2.09134,148.60000000000005,3243,11.4984,11498.4,174.0,,,,2013-07-25 07:08:22,Australia/Melbourne
2013-07-25 17:08:27+10:00,61707,-37.677749767899506,144.56917729228738,2.1080300000000003,149.79999999999995,3249,11.7108,11710.8,174.0,,,,2013-07-25 07:08:27,Australia/Melbourne
2013-07-25 17:08:31+10:00,61711,-37.677795952185996,144.56915357150137,2.11355,150.0,3250,10.206,10206.0,174.0,,,,2013-07-25 07:08:31,Australia/Melbourne
2013-07-25 17:08:32+10:00,61712,-37.67780190333724,144.56914074718952,2.11481,149.79999999999995,3249,9.522,9522.0,173.0,,,,2013-07-25 07:08:32,Australia/Melbourne
2013-07-25 17:08:35+10:00,61715,-37.677891002967954,144.56912968307734,2.12479,150.0,3250,8.856,8856.0,171.0,,,,2013-07-25 07:08:35,Australia/Melbourne
2013-07-25 17:08:39+10:00,61719,-37.67799812369049,144.5690704230219,2.13808,149.60000000000005,3248,8.942400000000003,8942.4,173.0,,,,2013-07-25 07:08:39,Australia/Melbourne
2013-07-25 17:08:41+10:00,61721,-37.678054617717855,144.56907092593607,2.14435,149.0,3245,9.0864,9086.4,174.0,,,,2013-07-25 07:08:41,Australia/Melbourne
2013-07-25 17:08:44+10:00,61724,-37.678148578852415,144.5690674893558,2.15478,148.39999999999995,3242,11.16,11160.0,173.0,,,,2013-07-25 07:08:44,Australia/Melbourne
2013-07-25 17:08:48+10:00,61728,-37.678253687918186,144.56905030645433,2.16661,147.60000000000005,3238,11.5092,11509.2,173.0,,,,2013-07-25 07:08:48,Australia/Melbourne
2013-07-25 17:08:53+10:00,61733,-37.6784069929272,144.56901518628,2.18394,147.0,3235,11.8404,11840.4,174.0,,,,2013-07-25 07:08:53,Australia/Melbourne
2013-07-25 17:09:00+10:00,61740,-37.678612349554896,144.5689885318279,2.20688,147.60000000000005,3238,11.9808,11980.8,173.0,,,,2013-07-25 07:09:00,Australia/Melbourne
2013-07-25 17:09:06+10:00,61746,-37.67879306338728,144.5689673256129,2.22706,148.39999999999995,3242,11.9268,11926.8,175.0,,,,2013-07-25 07:09:06,Australia/Melbourne
2013-07-25 17:09:13+10:00,61753,-37.67899707891047,144.56892063841224,2.25012,148.39999999999995,3242,11.9736,11973.6,175.0,,,,2013-07-25 07:09:13,Australia/Melbourne
2013-07-25 17:09:19+10:00,61759,-37.679176032543175,144.56888367421925,2.27025,148.79999999999995,3244,11.8476,11847.6,175.0,,,,2013-07-25 07:09:19,Australia/Melbourne
2013-07-25 17:09:20+10:00,61760,-37.67920478247106,144.56887965090573,2.27346,148.79999999999995,3244,11.8656,11865.6,175.0,,,,2013-07-25 07:09:20,Australia/Melbourne
2013-07-25 17:09:27+10:00,61767,-37.67940611578524,144.56885090097785,2.29598,148.60000000000005,3243,11.8548,11854.8,175.0,,,,2013-07-25 07:09:27,Australia/Melbourne
2013-07-25 17:09:33+10:00,61773,-37.679590182378895,144.56880681216714,2.3168,149.20000000000005,3246,11.97,11970.0,175.0,,,,2013-07-25 07:09:33,Australia/Melbourne
2013-07-25 17:09:34+10:00,61774,-37.67962077632546,144.56880295649168,2.32021,149.39999999999995,3247,12.0384,12038.4,176.0,,,,2013-07-25 07:09:34,Australia/Melbourne
2013-07-25 17:09:39+10:00,61779,-37.67976050265133,144.56877806223932,2.33589,149.60000000000005,3248,11.88,11880.0,175.0,,,,2013-07-25 07:09:39,Australia/Melbourne
2013-07-25 17:09:45+10:00,61785,-37.67992990091443,144.5687543414533,2.35483,150.20000000000005,3251,11.4516,11451.6,175.0,,,,2013-07-25 07:09:45,Australia/Melbourne
2013-07-25 17:09:52+10:00,61792,-37.68013458698989,144.56871880218387,2.3778799999999998,150.20000000000005,3251,11.7252,11725.2,177.0,,,,2013-07-25 07:09:52,Australia/Melbourne
2013-07-25 17:09:53+10:00,61793,-37.68016786314547,144.56871058791876,2.38164,150.39999999999995,3252,11.862,11862.0,176.0,,,,2013-07-25 07:09:53,Australia/Melbourne
2013-07-25 17:09:59+10:00,61799,-37.68034312874079,144.5686702709645,2.40142,149.79999999999995,3249,12.06,12060.0,176.0,,,,2013-07-25 07:09:59,Australia/Melbourne
2013-07-25 17:10:05+10:00,61805,-37.68052082508802,144.5686290320009,2.42151,148.79999999999995,3244,11.9484,11948.4,176.0,,,,2013-07-25 07:10:05,Australia/Melbourne
2013-07-25 17:10:10+10:00,61810,-37.68066432327032,144.56860497593883,2.43762,147.79999999999995,3239,11.7504,11750.4,176.0,,,,2013-07-25 07:10:10,Australia/Melbourne
2013-07-25 17:10:16+10:00,61816,-37.680846462026246,144.568579075858,2.45799,147.60000000000005,3238,11.8656,11865.6,177.0,,,,2013-07-25 07:10:16,Australia/Melbourne
2013-07-25 17:10:18+10:00,61818,-37.68090865574777,144.56856206059456,2.46505,147.79999999999995,3239,12.0096,12009.6,178.0,,,,2013-07-25 07:10:18,Australia/Melbourne
2013-07-25 17:10:24+10:00,61824,-37.68107830546796,144.5685249287635,2.48417,146.79999999999995,3234,12.0132,12013.2,178.0,,,,2013-07-25 07:10:24,Australia/Melbourne
2013-07-25 17:10:29+10:00,61829,-37.681221971288316,144.56851269118488,2.50025,145.60000000000005,3228,11.7396,11739.6,178.0,,,,2013-07-25 07:10:29,Australia/Melbourne
2013-07-25 17:10:33+10:00,61833,-37.681343341246254,144.56848989240825,2.51406,145.39999999999995,3227,11.6604,11660.4,178.0,,,,2013-07-25 07:10:33,Australia/Melbourne
2013-07-25 17:10:36+10:00,61836,-37.68134317360817,144.56846231594682,2.5212800000000004,145.0,3225,10.7856,10785.6,178.0,,,,2013-07-25 07:10:36,Australia/Melbourne
2013-07-25 17:10:39+10:00,61839,-37.68124242313206,144.56847606226802,2.53252,144.60000000000005,3223,10.818,10818.0,177.0,,,,2013-07-25 07:10:39,Australia/Melbourne
2013-07-25 17:10:45+10:00,61845,-37.681065145879984,144.56849726848301,2.55233,144.60000000000005,3223,11.0052,11005.2,178.0,,,,2013-07-25 07:10:45,Australia/Melbourne
2013-07-25 17:10:49+10:00,61849,-37.68094444647432,144.5685306284577,2.56613,144.20000000000005,3221,12.1212,12121.2,179.0,,,,2013-07-25 07:10:49,Australia/Melbourne
2013-07-25 17:10:53+10:00,61853,-37.680828021839254,144.5685418602079,2.57907,144.0,3220,11.9052,11905.2,179.0,,,,2013-07-25 07:10:53,Australia/Melbourne
2013-07-25 17:11:00+10:00,61860,-37.68062501214445,144.56856222823262,2.60162,145.20000000000005,3226,11.9016,11901.6,180.0,,,,2013-07-25 07:11:00,Australia/Melbourne
2013-07-25 17:11:05+10:00,61865,-37.680482100695365,144.56857781857255,2.61749,146.60000000000005,3233,11.6748,11674.8,180.0,,,,2013-07-25 07:11:05,Australia/Melbourne
2013-07-25 17:11:10+10:00,61870,-37.68035067245364,144.5686033833772,2.6323000000000003,147.60000000000005,3238,11.4156,11415.6,179.0,,,,2013-07-25 07:11:10,Australia/Melbourne
2013-07-25 17:11:16+10:00,61876,-37.680174484848976,144.56863523460925,2.65207,147.60000000000005,3238,11.196,11196.0,179.0,,,,2013-07-25 07:11:16,Australia/Melbourne
2013-07-25 17:11:21+10:00,61881,-37.68004104495049,144.5686739590019,2.6673400000000003,147.79999999999995,3239,11.2104,11210.4,178.0,,,,2013-07-25 07:11:21,Australia/Melbourne
2013-07-25 17:11:27+10:00,61887,-37.679868377745144,144.56868854351342,2.68663,148.0,3240,11.3256,11325.6,177.0,,,,2013-07-25 07:11:27,Australia/Melbourne
2013-07-25 17:11:32+10:00,61892,-37.67973435111344,144.56872005946934,2.70182,148.20000000000005,3241,11.412,11412.0,177.0,,,,2013-07-25 07:11:32,Australia/Melbourne
2013-07-25 17:11:37+10:00,61897,-37.67957643605769,144.56875392235816,2.71968,149.20000000000005,3246,11.7036,11703.6,178.0,,,,2013-07-25 07:11:37,Australia/Melbourne
2013-07-25 17:11:42+10:00,61902,-37.6794321835041,144.5687688421458,2.73579,149.39999999999995,3247,11.8188,11818.8,177.0,,,,2013-07-25 07:11:42,Australia/Melbourne
2013-07-25 17:11:48+10:00,61908,-37.67927259206772,144.56879910081625,2.75375,148.0,3240,11.548800000000002,11548.8,178.0,,,,2013-07-25 07:11:48,Australia/Melbourne
2013-07-25 17:11:54+10:00,61914,-37.67909958958626,144.5688067283481,2.77297,149.20000000000005,3246,11.2428,11242.8,178.0,,,,2013-07-25 07:11:54,Australia/Melbourne
2013-07-25 17:11:59+10:00,61919,-37.67895332537592,144.56883388571438,2.78941,149.20000000000005,3246,11.628,11628.0,178.0,,,,2013-07-25 07:11:59,Australia/Melbourne
2013-07-25 17:12:04+10:00,61924,-37.67880597151815,144.56884679384532,2.80583,149.60000000000005,3248,11.6136,11613.6,178.0,,,,2013-07-25 07:12:04,Australia/Melbourne
2013-07-25 17:12:10+10:00,61930,-37.678629029542215,144.56887621432543,2.82572,150.0,3250,11.7504,11750.4,178.0,,,,2013-07-25 07:12:10,Australia/Melbourne
2013-07-25 17:12:15+10:00,61935,-37.678486621007316,144.56890136003494,2.8416900000000003,149.60000000000005,3248,11.6568,11656.8,178.0,,,,2013-07-25 07:12:15,Australia/Melbourne
2013-07-25 17:12:20+10:00,61940,-37.67834421247244,144.56894201226532,2.85793,148.79999999999995,3244,11.7216,11721.6,178.0,,,,2013-07-25 07:12:20,Australia/Melbourne
2013-07-25 17:12:25+10:00,61945,-37.678199708461754,144.5689733605832,2.87423,148.39999999999995,3242,11.6136,11613.6,177.0,,,,2013-07-25 07:12:25,Australia/Melbourne
2013-07-25 17:12:31+10:00,61951,-37.678027963265784,144.5689776353538,2.89331,148.0,3240,11.5272,11527.2,179.0,,,,2013-07-25 07:12:31,Australia/Melbourne
2013-07-25 17:12:37+10:00,61957,-37.67787717282772,144.56901367753744,2.91085,147.20000000000005,3236,11.0664,11066.4,178.0,,,,2013-07-25 07:12:37,Australia/Melbourne
2013-07-25 17:12:42+10:00,61962,-37.6777573954314,144.5690391585231,2.9244,147.39999999999995,3237,10.4076,10407.6,176.0,,,,2013-07-25 07:12:42,Australia/Melbourne
2013-07-25 17:12:47+10:00,61967,-37.677626805379994,144.569097077474,2.93997,147.20000000000005,3236,10.26,10260.0,177.0,,,,2013-07-25 07:12:47,Australia/Melbourne
2013-07-25 17:12:50+10:00,61970,-37.677563773468144,144.56912884488702,2.94759,147.60000000000005,3238,10.0368,10036.8,176.0,,,,2013-07-25 07:12:50,Australia/Melbourne
2013-07-25 17:12:53+10:00,61973,-37.6774740871042,144.56913915462792,2.95762,147.39999999999995,3237,10.4292,10429.2,177.0,,,,2013-07-25 07:12:53,Australia/Melbourne
2013-07-25 17:12:59+10:00,61979,-37.67729144543409,144.56917276605964,2.9781,147.39999999999995,3237,11.3544,11354.4,178.0,,,,2013-07-25 07:12:59,Australia/Melbourne
2013-07-25 17:13:00+10:00,61980,-37.67725741490722,144.56918014213443,2.98193,148.0,3240,11.718,11718.0,178.0,,,,2013-07-25 07:13:00,Australia/Melbourne
2013-07-25 17:13:05+10:00,61985,-37.67710260115564,144.56919824704528,2.99916,149.79999999999995,3249,12.5172,12517.2,178.0,,,,2013-07-25 07:13:05,Australia/Melbourne
2013-07-25 17:13:06+10:00,61986,-37.67707695253194,144.5691996719688,3.0020100000000003,149.79999999999995,3249,12.4092,12409.2,178.0,,,,2013-07-25 07:13:06,Australia/Melbourne
2013-07-25 17:13:11+10:00,61991,-37.676946194842465,144.5692316908389,3.0169,150.0,3250,11.8584,11858.4,179.0,,,,2013-07-25 07:13:11,Australia/Melbourne
2013-07-25 17:13:16+10:00,61996,-37.676806887611754,144.56924962811172,3.03257,149.60000000000005,3248,11.177999999999999,11178.0,178.0,,,,2013-07-25 07:13:16,Australia/Melbourne
2013-07-25 17:13:21+10:00,62001,-37.67665366642178,144.5692765340209,3.04975,150.0,3250,11.4912,11491.2,179.0,,,,2013-07-25 07:13:21,Australia/Melbourne
2013-07-25 17:13:26+10:00,62006,-37.67652223818004,144.56930017098784,3.06484,150.20000000000005,3251,11.2968,11296.8,179.0,,,,2013-07-25 07:13:26,Australia/Melbourne
2013-07-25 17:13:27+10:00,62007,-37.67649952322245,144.56930670887232,3.0674200000000003,150.39999999999995,3252,11.286,11286.0,179.0,,,,2013-07-25 07:13:27,Australia/Melbourne
2013-07-25 17:13:34+10:00,62014,-37.67630598507822,144.56936873495582,3.0895900000000003,149.60000000000005,3248,10.9296,10929.6,178.0,,,,2013-07-25 07:13:34,Australia/Melbourne
2013-07-25 17:13:35+10:00,62015,-37.6762755587697,144.56937661394477,3.0930299999999997,149.39999999999995,3247,11.0196,11019.6,178.0,,,,2013-07-25 07:13:35,Australia/Melbourne
2013-07-25 17:13:42+10:00,62022,-37.676073303446174,144.56941030919555,3.11571,149.79999999999995,3249,11.692800000000002,11692.8,178.0,,,,2013-07-25 07:13:42,Australia/Melbourne
2013-07-25 17:13:48+10:00,62028,-37.675899043679244,144.56944760866463,3.13537,149.79999999999995,3249,11.592,11592.0,178.0,,,,2013-07-25 07:13:48,Australia/Melbourne
2013-07-25 17:13:53+10:00,62033,-37.67576183192432,144.56947459839284,3.1508000000000003,149.60000000000005,3248,11.4264,11426.4,179.0,,,,2013-07-25 07:13:53,Australia/Melbourne
2013-07-25 17:13:59+10:00,62039,-37.67558421939611,144.5695056114346,3.1707099999999997,149.60000000000005,3248,11.534400000000002,11534.4,179.0,,,,2013-07-25 07:13:59,Australia/Melbourne
2013-07-25 17:14:06+10:00,62046,-37.67537685111165,144.56954006105659,3.19395,151.20000000000005,3256,11.9916,11991.6,178.0,,,,2013-07-25 07:14:06,Australia/Melbourne
2013-07-25 17:14:12+10:00,62052,-37.67520577646793,144.56956998445094,3.21325,150.39999999999995,3252,11.8692,11869.2,177.0,,,,2013-07-25 07:14:12,Australia/Melbourne
2013-07-25 17:14:19+10:00,62059,-37.6750067062676,144.56960728392005,3.2356,150.39999999999995,3252,11.404800000000002,11404.8,178.0,,,,2013-07-25 07:14:19,Australia/Melbourne
2013-07-25 17:14:24+10:00,62064,-37.67486748285592,144.56963980570438,3.2514000000000003,151.20000000000005,3256,11.3112,11311.2,178.0,,,,2013-07-25 07:14:24,Australia/Melbourne
2013-07-25 17:14:30+10:00,62070,-37.67469665966928,144.56965925171968,3.27043,151.79999999999995,3259,11.3904,11390.4,178.0,,,,2013-07-25 07:14:30,Australia/Melbourne
2013-07-25 17:14:36+10:00,62076,-37.674533715471625,144.56968816928566,3.28872,152.20000000000005,3261,11.2788,11278.8,177.0,,,,2013-07-25 07:14:36,Australia/Melbourne
2013-07-25 17:14:42+10:00,62082,-37.674362473189824,144.5697213616222,3.30796,152.0,3260,11.3148,11314.8,177.0,,,,2013-07-25 07:14:42,Australia/Melbourne
2013-07-25 17:14:48+10:00,62088,-37.67419206909835,144.5697514526546,3.32711,152.79999999999995,3264,11.4552,11455.2,179.0,,,,2013-07-25 07:14:48,Australia/Melbourne
2013-07-25 17:14:53+10:00,62093,-37.6740618981421,144.5697754248977,3.34177,153.39999999999995,3267,11.170800000000002,11170.8,179.0,,,,2013-07-25 07:14:53,Australia/Melbourne
2013-07-25 17:14:59+10:00,62099,-37.67388571053744,144.56980216316882,3.3614800000000002,155.0,3275,11.1888,11188.8,178.0,,,,2013-07-25 07:14:59,Australia/Melbourne
2013-07-25 17:15:04+10:00,62104,-37.67375654540956,144.56983569078145,3.37621,154.60000000000005,3273,11.25,11250.0,178.0,,,,2013-07-25 07:15:04,Australia/Melbourne
2013-07-25 17:15:09+10:00,62109,-37.67363810911775,144.56987307406965,3.3899800000000004,154.0,3270,10.655999999999999,10656.0,178.0,,,,2013-07-25 07:15:09,Australia/Melbourne
2013-07-25 17:15:14+10:00,62114,-37.6735129673034,144.56989419646558,3.404,153.20000000000005,3266,10.0836,10083.6,177.0,,,,2013-07-25 07:15:14,Australia/Melbourne
2013-07-25 17:15:20+10:00,62120,-37.673354716971524,144.5699172466993,3.4217,153.0,3265,10.3536,10353.6,177.0,,,,2013-07-25 07:15:20,Australia/Melbourne
2013-07-25 17:15:25+10:00,62125,-37.67321700230241,144.56994658336043,3.4372599999999998,153.39999999999995,3267,10.728,10728.0,177.0,,,,2013-07-25 07:15:25,Australia/Melbourne
2013-07-25 17:15:32+10:00,62132,-37.673043999820955,144.56997206434608,3.4566199999999996,152.39999999999995,3262,10.5876,10587.6,178.0,,,,2013-07-25 07:15:32,Australia/Melbourne
2013-07-25 17:15:33+10:00,62133,-37.67302866093815,144.5699600782245,3.4585800000000004,152.39999999999995,3262,10.3644,10364.4,178.0,,,,2013-07-25 07:15:33,Australia/Melbourne
2013-07-25 17:15:36+10:00,62136,-37.672972753644,144.56989235244689,3.46741,152.60000000000005,3263,9.9864,9986.4,178.0,,,,2013-07-25 07:15:36,Australia/Melbourne
2013-07-25 17:15:39+10:00,62139,-37.67292849719525,144.5698261354119,3.4751,153.20000000000005,3266,9.5904,9590.4,178.0,,,,2013-07-25 07:15:39,Australia/Melbourne
2013-07-25 17:15:40+10:00,62140,-37.672910979017615,144.56979705020785,3.47831,153.39999999999995,3267,9.6516,9651.6,179.0,,,,2013-07-25 07:15:40,Australia/Melbourne
2013-07-25 17:15:46+10:00,62146,-37.672823974862695,144.56963427364823,3.49565,153.0,3265,10.2636,10263.6,178.0,,,,2013-07-25 07:15:46,Australia/Melbourne
2013-07-25 17:15:52+10:00,62152,-37.67274191603065,144.56947032362226,3.5127900000000003,153.39999999999995,3267,10.3536,10353.6,179.0,,,,2013-07-25 07:15:52,Australia/Melbourne
2013-07-25 17:15:59+10:00,62159,-37.67265918664634,144.56928349100053,3.5317300000000005,153.79999999999995,3269,9.8964,9896.4,179.0,,,,2013-07-25 07:15:59,Australia/Melbourne
2013-07-25 17:16:05+10:00,62165,-37.672613505274064,144.56911618821326,3.5473600000000003,154.39999999999995,3272,9.4464,9446.4,179.0,,,,2013-07-25 07:16:05,Australia/Melbourne
2013-07-25 17:16:11+10:00,62171,-37.6725819054991,144.56894100643694,3.5632699999999997,154.20000000000005,3271,9.3744,9374.4,180.0,,,,2013-07-25 07:16:11,Australia/Melbourne
2013-07-25 17:16:16+10:00,62176,-37.67256950028241,144.56878828816116,3.57685,154.79999999999995,3274,9.6444,9644.4,179.0,,,,2013-07-25 07:16:16,Australia/Melbourne
2013-07-25 17:16:21+10:00,62181,-37.67254821024835,144.56861863844097,3.5920400000000003,155.60000000000005,3278,10.2888,10288.8,179.0,,,,2013-07-25 07:16:21,Australia/Melbourne
2013-07-25 17:16:26+10:00,62186,-37.67252247780562,144.56844152882695,3.6079800000000004,156.39999999999995,3282,10.962,10962.0,178.0,,,,2013-07-25 07:16:26,Australia/Melbourne
2013-07-25 17:16:32+10:00,62192,-37.672506719827645,144.56825310364366,3.62475,156.20000000000005,3281,10.8144,10814.4,179.0,,,,2013-07-25 07:16:32,Australia/Melbourne
2013-07-25 17:16:37+10:00,62197,-37.67248341813684,144.56807666458192,3.64062,157.60000000000005,3288,10.6596,10659.6,179.0,,,,2013-07-25 07:16:37,Australia/Melbourne
2013-07-25 17:16:42+10:00,62202,-37.672461625188596,144.56790466792881,3.65603,159.20000000000005,3296,11.0376,11037.6,179.0,,,,2013-07-25 07:16:42,Australia/Melbourne
2013-07-25 17:16:49+10:00,62209,-37.672444693744175,144.56766611896455,3.67722,158.79999999999995,3294,11.07,11070.0,179.0,,,,2013-07-25 07:16:49,Australia/Melbourne
2013-07-25 17:16:54+10:00,62214,-37.672422481700785,144.56748641096056,3.69329,159.0,3295,11.088,11088.0,180.0,,,,2013-07-25 07:16:54,Australia/Melbourne
2013-07-25 17:16:59+10:00,62219,-37.67240471206605,144.56730033271015,3.7098699999999996,159.39999999999995,3297,11.4804,11480.4,181.0,,,,2013-07-25 07:16:59,Australia/Melbourne
2013-07-25 17:17:05+10:00,62225,-37.6723765488714,144.56707226112485,3.7303599999999997,160.20000000000005,3301,11.9556,11955.6,181.0,,,,2013-07-25 07:17:05,Australia/Melbourne
2013-07-25 17:17:10+10:00,62230,-37.67235852777958,144.56688593141737,3.74695,161.20000000000005,3306,12.0204,12020.4,181.0,,,,2013-07-25 07:17:10,Australia/Melbourne
2013-07-25 17:17:17+10:00,62237,-37.67233128659427,144.56665576435626,3.76753,160.20000000000005,3301,11.484000000000002,11484.0,181.0,,,,2013-07-25 07:17:17,Australia/Melbourne
2013-07-25 17:17:24+10:00,62244,-37.672308320179575,144.56640430726108,3.7898699999999996,159.60000000000005,3298,10.9764,10976.4,180.0,,,,2013-07-25 07:17:24,Australia/Melbourne
2013-07-25 17:17:30+10:00,62250,-37.67228887416423,144.56618855707345,3.8090699999999997,160.0,3300,11.4372,11437.2,180.0,,,,2013-07-25 07:17:30,Australia/Melbourne
2013-07-25 17:17:36+10:00,62256,-37.67225350253285,144.56599183380604,3.8269,159.79999999999995,3299,11.25,11250.0,178.0,,,,2013-07-25 07:17:36,Australia/Melbourne
2013-07-25 17:17:40+10:00,62260,-37.6722623873502,144.56586442887786,3.8382699999999996,159.60000000000005,3298,10.7244,10724.4,179.0,,,,2013-07-25 07:17:40,Australia/Melbourne
2013-07-25 17:17:45+10:00,62265,-37.672244869172566,144.56566653214398,3.8557900000000003,159.0,3295,10.9836,10983.6,179.0,,,,2013-07-25 07:17:45,Australia/Melbourne
2013-07-25 17:17:50+10:00,62270,-37.67222584225237,144.56548682413998,3.8718,159.39999999999995,3297,11.8296,11829.6,179.0,,,,2013-07-25 07:17:50,Australia/Melbourne
2013-07-25 17:17:56+10:00,62276,-37.67220589332283,144.56528339534995,3.88988,158.79999999999995,3294,11.3508,11350.8,179.0,,,,2013-07-25 07:17:56,Australia/Melbourne
2013-07-25 17:18:02+10:00,62282,-37.67218527384102,144.5650627836585,3.9094900000000004,159.20000000000005,3296,11.2644,11264.4,179.0,,,,2013-07-25 07:18:02,Australia/Melbourne
2013-07-25 17:18:07+10:00,62287,-37.672154093161225,144.56486253999174,3.92749,160.20000000000005,3301,12.1284,12128.4,179.0,,,,2013-07-25 07:18:07,Australia/Melbourne
2013-07-25 17:18:13+10:00,62293,-37.672124421224,144.5646499749273,3.94654,160.20000000000005,3301,11.9808,11980.8,179.0,,,,2013-07-25 07:18:13,Australia/Melbourne
2013-07-25 17:18:19+10:00,62299,-37.672086032107465,144.56442131660882,3.9672300000000003,159.79999999999995,3299,11.7612,11761.2,179.0,,,,2013-07-25 07:18:19,Australia/Melbourne
2013-07-25 17:18:24+10:00,62304,-37.6720654964447,144.56424102187157,3.98331,159.20000000000005,3296,11.8296,11829.6,180.0,,,,2013-07-25 07:18:24,Australia/Melbourne
2013-07-25 17:18:29+10:00,62309,-37.6720448769629,144.56404999829832,4.0004,159.0,3295,11.8188,11818.8,180.0,,,,2013-07-25 07:18:29,Australia/Melbourne
2013-07-25 17:18:30+10:00,62310,-37.67204202711582,144.56401789560914,4.00324,159.39999999999995,3297,12.0744,12074.4,180.0,,,,2013-07-25 07:18:30,Australia/Melbourne
2013-07-25 17:18:35+10:00,62315,-37.67202090471983,144.5638263691217,4.02031,159.20000000000005,3296,12.15,12150.0,180.0,,,,2013-07-25 07:18:35,Australia/Melbourne
2013-07-25 17:18:40+10:00,62320,-37.67199626192451,144.56365697085855,4.0355099999999995,159.20000000000005,3296,12.0528,12052.8,180.0,,,,2013-07-25 07:18:40,Australia/Melbourne
2013-07-25 17:18:45+10:00,62325,-37.67196323722601,144.56346795894208,4.05267,159.0,3295,11.6964,11696.4,179.0,,,,2013-07-25 07:18:45,Australia/Melbourne
2013-07-25 17:18:52+10:00,62332,-37.67191629856825,144.5632236264646,4.07498,159.39999999999995,3297,11.4912,11491.2,181.0,,,,2013-07-25 07:18:52,Australia/Melbourne
2013-07-25 17:18:56+10:00,62336,-37.67187698744237,144.56305716186762,4.09039,160.39999999999995,3302,11.915999999999999,11916.0,180.0,,,,2013-07-25 07:18:56,Australia/Melbourne
2013-07-25 17:19:01+10:00,62341,-37.671826193109155,144.5628766156733,4.1073,161.0,3305,12.312000000000001,12312.0,181.0,,,,2013-07-25 07:19:01,Australia/Melbourne
2013-07-25 17:19:07+10:00,62347,-37.67177280038595,144.56265793181956,4.1274700000000015,160.79999999999995,3304,12.1536,12153.6,181.0,,,,2013-07-25 07:19:07,Australia/Melbourne
2013-07-25 17:19:14+10:00,62354,-37.671731309965246,144.56240572035313,4.1501800000000015,161.39999999999995,3307,11.772,11772.0,182.0,,,,2013-07-25 07:19:14,Australia/Melbourne
2013-07-25 17:19:20+10:00,62360,-37.67169593833387,144.56218192353845,4.1703100000000015,162.20000000000005,3311,11.9052,11905.2,180.0,,,,2013-07-25 07:19:20,Australia/Melbourne
2013-07-25 17:19:24+10:00,62364,-37.671685544773936,144.56203834153715,4.18304,162.0,3310,11.952,11952.0,181.0,,,,2013-07-25 07:19:24,Australia/Melbourne
2013-07-25 17:19:30+10:00,62370,-37.67165914177895,144.56181211397052,4.2032,162.39999999999995,3312,11.9196,11919.6,180.0,,,,2013-07-25 07:19:30,Australia/Melbourne
2013-07-25 17:19:31+10:00,62371,-37.67165444791317,144.5617748145014,4.20654,162.60000000000005,3313,11.934000000000001,11934.0,180.0,,,,2013-07-25 07:19:31,Australia/Melbourne
2013-07-25 17:19:37+10:00,62377,-37.67162444069981,144.56155654974282,4.2260800000000005,163.39999999999995,3317,11.9196,11919.6,181.0,,,,2013-07-25 07:19:37,Australia/Melbourne
2013-07-25 17:19:42+10:00,62382,-37.67159946262837,144.5613841339946,4.2415199999999995,163.20000000000005,3316,11.5524,11552.4,181.0,,,,2013-07-25 07:19:42,Australia/Melbourne
2013-07-25 17:19:47+10:00,62387,-37.67157255671919,144.5611986424774,4.25818,163.39999999999995,3317,11.4264,11426.4,181.0,,,,2013-07-25 07:19:47,Australia/Melbourne
2013-07-25 17:19:51+10:00,62391,-37.67159032635391,144.56104810349643,4.27166,163.60000000000005,3318,11.8224,11822.4,181.0,,,,2013-07-25 07:19:51,Australia/Melbourne
2013-07-25 17:19:56+10:00,62396,-37.67154506407678,144.56087300553918,4.288,164.0,3320,11.9232,11923.2,181.0,,,,2013-07-25 07:19:56,Australia/Melbourne
2013-07-25 17:20:03+10:00,62403,-37.67153274267912,144.56061040051281,4.31121,164.0,3320,11.8044,11804.4,180.0,,,,2013-07-25 07:20:03,Australia/Melbourne
2013-07-25 17:20:09+10:00,62409,-37.671534670516856,144.56037889234722,4.3316300000000005,164.20000000000005,3321,12.1464,12146.4,180.0,,,,2013-07-25 07:20:09,Australia/Melbourne
2013-07-25 17:20:15+10:00,62415,-37.67153332941235,144.56014822237194,4.35199,164.60000000000005,3323,12.2328,12232.8,181.0,,,,2013-07-25 07:20:15,Australia/Melbourne
2013-07-25 17:20:16+10:00,62416,-37.67153240740299,144.56010723486543,4.355600000000001,164.79999999999995,3324,12.3264,12326.4,181.0,,,,2013-07-25 07:20:16,Australia/Melbourne
2013-07-25 17:20:20+10:00,62420,-37.67153324559332,144.55996675416827,4.368040000000001,164.39999999999995,3322,11.912400000000002,11912.4,182.0,,,,2013-07-25 07:20:20,Australia/Melbourne
2013-07-25 17:20:27+10:00,62427,-37.67150583676994,144.55971756018698,4.39021,164.39999999999995,3322,11.5128,11512.8,181.0,,,,2013-07-25 07:20:27,Australia/Melbourne
2013-07-25 17:20:31+10:00,62431,-37.67148186452687,144.55957020632925,4.403479999999999,164.20000000000005,3321,11.7216,11721.6,181.0,,,,2013-07-25 07:20:31,Australia/Melbourne
2013-07-25 17:20:36+10:00,62436,-37.671463759616024,144.5593888219446,4.4196,163.79999999999995,3319,11.6208,11620.8,181.0,,,,2013-07-25 07:20:36,Australia/Melbourne
2013-07-25 17:20:42+10:00,62442,-37.671440709382296,144.55917139537632,4.4389400000000006,163.39999999999995,3317,11.4624,11462.4,181.0,,,,2013-07-25 07:20:42,Australia/Melbourne
2013-07-25 17:20:47+10:00,62447,-37.671404080465436,144.5589919388294,4.45529,163.39999999999995,3317,11.6496,11649.6,181.0,,,,2013-07-25 07:20:47,Australia/Melbourne
2013-07-25 17:20:52+10:00,62452,-37.67135705798864,144.5588089618832,4.47225,163.60000000000005,3318,11.9808,11980.8,181.0,,,,2013-07-25 07:20:52,Australia/Melbourne
2013-07-25 17:20:58+10:00,62458,-37.671277094632394,144.55858600325882,4.4938400000000005,165.39999999999995,3327,12.4632,12463.2,182.0,,,,2013-07-25 07:20:58,Australia/Melbourne
2013-07-25 17:20:59+10:00,62459,-37.67126133665442,144.5585530623794,4.4972199999999996,165.60000000000005,3328,12.6216,12621.6,181.0,,,,2013-07-25 07:20:59,Australia/Melbourne
2013-07-25 17:21:05+10:00,62465,-37.67115966416896,144.55834510736167,4.518770000000001,166.39999999999995,3332,12.9168,12916.8,183.0,,,,2013-07-25 07:21:05,Australia/Melbourne
2013-07-25 17:21:07+10:00,62467,-37.671123705804355,144.5582854282111,4.52537,166.39999999999995,3332,12.7044,12704.4,182.0,,,,2013-07-25 07:21:07,Australia/Melbourne
2013-07-25 17:21:13+10:00,62473,-37.670989762991674,144.55812063999477,4.54617,166.0,3330,12.4956,12495.6,182.0,,,,2013-07-25 07:21:13,Australia/Melbourne
2013-07-25 17:21:19+10:00,62479,-37.670856826007366,144.55796523950994,4.566319999999998,165.60000000000005,3328,12.3552,12355.2,182.0,,,,2013-07-25 07:21:19,Australia/Melbourne
2013-07-25 17:21:25+10:00,62485,-37.670714501291506,144.55781838856637,4.58676,165.0,3325,12.1644,12164.4,183.0,,,,2013-07-25 07:21:25,Australia/Melbourne
2013-07-25 17:21:31+10:00,62491,-37.67058818601072,144.5576548576355,4.60689,165.79999999999995,3329,12.1716,12171.6,182.0,,,,2013-07-25 07:21:31,Australia/Melbourne
2013-07-25 17:21:36+10:00,62496,-37.67054325900972,144.55747414380312,4.62365,165.79999999999995,3329,12.2832,12283.2,181.0,,,,2013-07-25 07:21:36,Australia/Melbourne
2013-07-25 17:21:41+10:00,62501,-37.67044167034328,144.55733969807625,4.64016,165.20000000000005,3326,11.9844,11984.4,182.0,,,,2013-07-25 07:21:41,Australia/Melbourne
2013-07-25 17:21:45+10:00,62505,-37.67039062455297,144.55720810219646,4.65319,165.60000000000005,3328,11.844,11844.0,182.0,,,,2013-07-25 07:21:45,Australia/Melbourne
2013-07-25 17:21:50+10:00,62510,-37.6703579351306,144.5570090319961,4.67114,166.0,3330,12.1752,12175.2,182.0,,,,2013-07-25 07:21:50,Australia/Melbourne
2013-07-25 17:21:56+10:00,62516,-37.67034653574228,144.55678741447628,4.6907700000000006,165.39999999999995,3327,12.3264,12326.4,183.0,,,,2013-07-25 07:21:56,Australia/Melbourne
2013-07-25 17:22:01+10:00,62521,-37.670348631218076,144.55661080777642,4.70638,165.0,3325,11.772,11772.0,182.0,,,,2013-07-25 07:22:01,Australia/Melbourne
2013-07-25 17:22:05+10:00,62525,-37.670359443873174,144.55645549111068,4.720350000000002,165.39999999999995,3327,11.7792,11779.2,182.0,,,,2013-07-25 07:22:05,Australia/Melbourne
2013-07-25 17:22:11+10:00,62531,-37.670431276783354,144.55623261630538,4.7415699999999985,166.20000000000005,3331,12.3588,12358.8,182.0,,,,2013-07-25 07:22:11,Australia/Melbourne
2013-07-25 17:22:12+10:00,62532,-37.67044141888619,144.55619146116078,4.745369999999999,166.20000000000005,3331,12.456,12456.0,182.0,,,,2013-07-25 07:22:12,Australia/Melbourne
2013-07-25 17:22:16+10:00,62536,-37.67049095593393,144.5560654811561,4.7578000000000005,166.60000000000005,3333,12.3804,12380.4,182.0,,,,2013-07-25 07:22:16,Australia/Melbourne
2013-07-25 17:22:21+10:00,62541,-37.670530015602715,144.55589566379788,4.77342,166.60000000000005,3333,11.7216,11721.6,182.0,,,,2013-07-25 07:22:21,Australia/Melbourne
2013-07-25 17:22:26+10:00,62546,-37.6705323625356,144.5557033829391,4.7904399999999985,166.20000000000005,3331,11.6028,11602.8,182.0,,,,2013-07-25 07:22:26,Australia/Melbourne
2013-07-25 17:22:30+10:00,62550,-37.67052473500371,144.55555468797684,4.8037,166.20000000000005,3331,11.9016,11901.6,182.0,,,,2013-07-25 07:22:30,Australia/Melbourne
2013-07-25 17:22:33+10:00,62553,-37.67049975693226,144.55544664524496,4.81404,166.39999999999995,3332,12.132,12132.0,182.0,,,,2013-07-25 07:22:33,Australia/Melbourne
2013-07-25 17:22:34+10:00,62554,-37.67046882770956,144.55542552284896,4.817939999999999,166.60000000000005,3333,12.2904,12290.4,182.0,,,,2013-07-25 07:22:34,Australia/Melbourne
2013-07-25 17:22:39+10:00,62559,-37.6703164447099,144.5553576294333,4.83588,166.20000000000005,3331,12.6108,12610.8,183.0,,,,2013-07-25 07:22:39,Australia/Melbourne
2013-07-25 17:22:45+10:00,62565,-37.67013019882143,144.5553132891655,4.8569700000000005,166.0,3330,12.888,12888.0,183.0,,,,2013-07-25 07:22:45,Australia/Melbourne
2013-07-25 17:22:51+10:00,62571,-37.66993816941977,144.55530012957752,4.87835,166.39999999999995,3332,12.762,12762.0,183.0,,,,2013-07-25 07:22:51,Australia/Melbourne
2013-07-25 17:22:52+10:00,62572,-37.66990145668387,144.5553012192249,4.88242,166.79999999999995,3334,12.8304,12830.4,183.0,,,,2013-07-25 07:22:52,Australia/Melbourne
2013-07-25 17:22:58+10:00,62578,-37.6697101816535,144.55532829277215,4.9037799999999985,167.39999999999995,3337,13.1148,13114.8,184.0,,,,2013-07-25 07:22:58,Australia/Melbourne
2013-07-25 17:23:03+10:00,62583,-37.669547321274884,144.55536399967968,4.92212,168.39999999999995,3342,13.068,13068.0,184.0,,,,2013-07-25 07:23:03,Australia/Melbourne
2013-07-25 17:23:08+10:00,62588,-37.66940172761679,144.55540347844362,4.93866,168.79999999999995,3344,12.5784,12578.4,183.0,,,,2013-07-25 07:23:08,Australia/Melbourne
2013-07-25 17:23:14+10:00,62594,-37.669212631881244,144.5554311387241,4.95976,170.39999999999995,3352,12.4164,12416.4,183.0,,,,2013-07-25 07:23:14,Australia/Melbourne
2013-07-25 17:23:20+10:00,62600,-37.66901900991797,144.55549819394946,4.98209,172.0,3360,13.0212,13021.2,183.0,,,,2013-07-25 07:23:20,Australia/Melbourne
2013-07-25 17:23:26+10:00,62606,-37.66886092722415,144.5556116849184,5.00234,172.39999999999995,3362,12.7944,12794.4,184.0,,,,2013-07-25 07:23:26,Australia/Melbourne
2013-07-25 17:23:27+10:00,62607,-37.668835278600454,144.55563280731442,5.005719999999999,172.79999999999995,3364,12.7548,12754.8,184.0,,,,2013-07-25 07:23:27,Australia/Melbourne
